0.806401
0.012413
2.833635
-1.266278
-1.085697
2.827851
3.740276
0.915226
1.671468
1.712352
1.271206
0.059198
-1.438095
-0.578260
-0.180462
-3.040329
0.074999
1.450328
-1.541652
-0.675647
-1.117875
1.128454
0.117548
0.250676
0.424360
-0.457178
1.345371
0.100971
4.048769
1.987843
0.504204
2.449186
1.888263
-0.920724
-0.690779
1.529288
2.559864
0.871803
1.265529
-1.685249
-3.167527
-0.890737
-0.049654
-0.698838
0.786415
2.264935
1.833899
-0.039667
0.067555
2.223137
-0.401217
1.180609
-0.801143
1.355537
-0.505881
-0.232826
3.371823
-1.132922
1.207693
0.038876
0.226369
0.241792
-0.927303
0.063401
-1.692597
0.132710
2.712913
3.472887
0.495000
1.845239
1.251320
0.702465
1.001236
-0.892673
-1.471370
1.918953
0.588513
0.698913
-3.458024
-1.970756
1.459108
1.837508
0.395748
1.301687
1.548881
1.115512
1.762737
0.388838
-0.331066
1.960105
1.992053
0.556081
0.081459
1.046338
-0.710248
0.898227
1.104370
-0.800460
-0.822664
0.303372
-0.089775
0.486440
1.161146
3.342979
0.432735
1.436743
1.213230
-0.682553
1.239535
1.863300
1.358129
0.693678
1.375774
-1.986841
-1.774611
0.617016
-0.930966
-0.660051
2.828926
-0.819399
0.181635
0.787548
-0.337113
0.137301
0.420982
-1.342986
-0.747394
1.541849
2.004034
2.081336
-0.462717
-1.685199
-0.763187
-0.139892
2.642367
-1.563748
0.254583
-2.005483
3.585956
0.750356
-0.821246
0.791832
2.146843
-1.338617
-0.016975
0.518274
-0.025094
2.261090
-1.323980
-1.241119
-2.160981
0.713118
0.911269
2.216385
-0.889775
0.883768
-0.081865
0.569198
0.340967
1.731120
1.867207
-1.041860
-1.348879
0.741579
2.391917
1.348120
2.198005
1.742891
1.062615
-2.938227
-0.208332
0.807016
-0.925525
1.550028
-0.742911
-0.926272
-2.850727
1.723486
-0.523853
0.598083
1.370078
-1.966597
2.759672
0.137572
0.477899
-1.293577
2.232268
1.902486
0.915045
-0.942735
1.711294
-1.081400
-1.291261
-0.453501
1.778431
-1.217950
2.371992
2.153133
2.415784
0.041179
0.603919
1.392549
-0.989347
1.499212
0.111942
-3.786522
2.822985
0.813054
1.172695
-0.196284
1.270152
-0.554003
2.541671
1.462477
-1.472129
-1.719689
3.623387
1.289183
1.882843
1.628223
-3.870749
-1.643404
1.928345
0.568830
0.392661
0.211958
2.346105
0.595702
-0.334813
-0.183566
-1.050179
0.264230
0.720734
-0.698645
0.227835
-0.870224
2.344494
2.058568
0.786442
-2.070321
0.392946
-2.217023
-0.416141
-2.030610
1.319140
-0.190199
0.862294
-1.880397
-0.200439
-1.826458
0.331635
0.690401
0.273198
0.508813
-0.229640
2.058888
-1.242870
1.574488
-0.172444
-0.866782
-0.690598
2.614859
0.232403
-1.845897
0.764364
2.641182
-1.789339
-0.443795
2.529313
1.599127
0.536506
1.134937
-0.175743
-0.323954
2.860733
1.753140
0.753305
2.459700
1.323730
2.019437
0.141611
0.408650
1.670805
1.713212
0.738183
-0.620976
0.517923
1.758702
0.603496
-1.366571
4.792459
2.809371
2.141526
2.297677
-1.166682
0.924757
-0.489110
0.479743
3.388768
-2.257356
1.411099
3.436526
0.983224
-0.456462
-1.258670
0.011221
0.297738
3.434193
-0.104141
2.169306
1.253560
1.108390
1.167239
0.834134
2.552597
1.296335
5.025582
-1.476922
2.497476
-1.870865
-0.633484
-0.611914
-0.783759
0.812735
3.625969
-1.389533
0.202250
0.114174
1.308712
1.099998
1.398581
2.009653
2.940126
1.254961
1.685000
0.705667
-1.871580
-2.243123
3.152969
3.180106
2.169249
0.353962
1.749173
-0.385189
-0.259724
-0.648996
-3.417200
1.447269
0.607613
-1.237905
3.139005
-0.756919
1.302271
-0.756989
2.837438
3.481456
-0.065687
-1.133589
-0.618337
-1.231151
-1.020854
3.391006
1.191113
-0.662133
-2.931604
0.149884
0.326445
1.900893
-0.172559
-3.329322
-0.384371
1.074655
-0.030114
-1.155102
1.392010
1.775541
-1.115678
2.101033
-0.070988
-0.004720
-0.654983
4.409266
2.163431
-0.409393
-1.364091
-0.981558
1.021320
-0.120381
0.910260
2.172548
0.267735
0.080022
-1.961804
2.552562
-0.048896
-1.100152
-1.080465
0.569073
-1.179595
0.182517
1.321768
-1.212297
1.220904
-0.131737
-1.612536
1.874145
0.254389
0.649523
-0.040670
2.333691
-0.254337
0.287484
0.454083
0.676013
2.144088
-0.107492
2.412776
0.633120
-1.129164
4.084791
-1.356745
1.864690
2.230570
-0.002897
-0.213845
1.937227
2.457511
3.582663
2.456747
2.689364
-0.043815
-1.837713
0.584821
1.541329
1.644717
0.271877
0.808346
1.252874
0.596052
0.224196
-1.509029
-0.525552
1.589393
0.942689
2.065702
0.815296
1.576633
2.544241
0.018086
-0.741246
1.160440
0.345155
1.882130
0.742181
3.140199
2.189339
1.859235
-1.422670
2.385820
0.884468
0.544675
-1.867589
-2.375797
2.445359
-1.077217
0.266746
0.288440
3.142302
0.810225
-0.962069
-0.002940
-2.747581
2.517933
2.269082
-0.020222
0.903382
2.731694
0.137283
0.872808
0.325605
-0.122272
-1.452271
1.020611
1.025620
1.080088
-0.297224
0.275378
-2.221988
-0.231042
0.974447
-1.560436
-1.254592
-0.223690
-0.523253
2.118901
0.646209
-1.889019
-1.632384
1.283757
1.354224
0.853014
2.212232
1.075133
2.069226
-0.387768
2.223122
0.173171
0.573571
-0.383171
-1.326159
1.872615
-0.267521
0.099441
0.009513
-0.221067
2.264303
-0.440650
0.148217
1.175491
1.139810
0.878612
0.029866
1.044117
-0.452657
-0.573139
0.283845
1.109495
-0.003828
3.397341
-0.716847
2.368864
3.201031
0.936748
-1.613176
0.741533
0.238302
-2.269096
1.087505
1.759996
-1.274076
-0.184098
2.263100
2.479752
0.180909
1.493277
0.873274
-0.119725
4.248649
-0.271767
3.297062
1.379460
2.985260
0.400500
1.911591
-0.476193
2.874875
-2.384826
0.758891
1.230539
2.662363
0.449351
-0.246812
1.913396
-3.929605
-0.492846
1.906085
-1.547929
2.437198
-1.570911
2.279476
2.455443
3.953129
0.198507
-3.308800
1.477524
1.198927
2.295642
1.153185
2.730489
2.806601
-2.688156
2.318543
0.148592
-0.856027
-1.912649
2.439724
-0.939248
-0.265325
1.536797
2.596322
0.019022
0.253180
-0.360522
0.885439
0.861496
0.459473
3.803097
2.467784
-0.586102
0.579163
2.086735
1.804925
0.034718
-1.527042
3.389280
-0.167838
1.910691
1.705990
-0.026809
-0.116454
-0.934772
1.247595
1.374456
2.170041
0.292632
0.862293
0.751830
1.161447
-3.308997
2.555818
1.506656
-0.091782
0.990121
-0.518903
-1.516425
4.198212
0.776431
0.950893
3.851043
2.412315
0.517987
-0.160624
1.501715
-0.015188
0.452834
-0.002373
2.279540
-1.007384
-2.081611
0.229385
-1.982127
-0.715942
1.742789
-0.708974
3.437733
-3.189763
1.219201
0.600189
-1.073252
2.795302
-0.968887
-2.038278
-1.267691
-0.982041
-1.367503
-1.265526
-1.579838
2.040426
-0.017236
1.645227
-0.425750
-0.024729
0.982527
1.039664
-1.522004
0.318699
3.031330
3.812174
-0.116258
-1.140833
0.440229
0.906472
1.298797
0.391711
0.307603
1.576319
-0.083648
0.878546
-1.826794
5.332159
0.996289
0.839312
0.942471
2.112837
-0.249652
1.100467
2.927582
-2.844110
1.601043
-0.626864
2.037230
0.588695
2.035849
0.074396
0.628628
1.065287
0.120758
1.217460
1.269677
1.248612
2.184175
2.172576
0.989801
0.370106
2.048297
-1.407181
-0.719886
-0.902004
1.394573
0.597431
0.805758
-0.145378
1.048652
0.394342
1.020439
-1.855300
-1.346930
0.241353
-2.061353
0.104217
-0.702112
0.132349
-0.160977
-0.204804
-2.495136
2.133905
0.105324
0.625033
0.610886
1.965852
-1.991314
1.623400
1.456122
1.755846
2.147908
0.854252
-0.954278
-0.733463
1.226465
-0.316081
-1.242216
0.467060
-2.657163
3.084570
2.992913
1.350710
-0.723614
3.093602
2.298421
0.955231
1.692880
-0.145357
3.038616
-0.782536
0.943418
2.488248
-0.277230
-1.739663
-0.785947
-1.311151
0.125119
1.784751
-0.786042
0.700680
0.050155
1.059543
-0.992436
1.419682
-0.645865
1.780999
0.883736
0.036667
1.683999
1.762086
1.848498
-1.448543
3.058340
1.643337
1.446726
1.486090
4.415467
-1.138798
1.041798
0.174453
0.227944
2.815543
1.980961
0.524154
2.264880
1.402330
0.424877
0.945220
0.885900
-0.390565
-2.418563
-1.181418
0.303208
1.148614
2.746688
1.274271
1.107224
1.097756
-0.331800
2.833385
0.278246
2.323803
0.542634
1.921371
0.319121
0.482291
-1.498329
-2.233521
0.132323
2.097982
1.580663
1.043587
-1.208030
3.354657
1.366991
1.649712
0.251233
0.566400
1.215991
0.330920
1.621350
-1.525102
2.255055
0.087048
2.520236
3.011781
-1.044632
1.439894
-0.666863
0.911760
1.632077
2.181754
-2.891102
-1.271015
2.080129
1.115481
2.078464
1.989611
-0.406747
-0.314334
-0.539160
-1.345498
2.111880
0.694275
-0.192148
2.504834
0.576903
0.651800
1.438449
-0.744156
0.532142
0.712756
-0.747651
-0.186847
-0.402856
0.475698
2.544132
-0.995679
-0.605146
1.221803
-0.989944
-0.175840
-0.238489
0.608161
-0.785653
1.203106
0.225106
1.406117
0.820538
1.978924
2.254946
-2.212311
-0.258265
0.409539
0.644854
1.816807
1.301757
-2.087875
0.022831
-0.648488
0.586264
-1.220182
-0.061536
0.740493
-0.366571
2.081797
2.805130
-2.268424
-2.951778
0.559651
1.593150
1.270450
4.415510
-0.002055
-0.005535
-1.390389
2.540659
-2.099873
1.068773
1.690816
-1.385076
0.055202
-0.473827
3.519107
-0.138109
0.632169
0.587578
-1.553802
2.048847
1.084342
1.764193
1.565515
1.058483
3.114859
1.273621
2.880446
0.436271
2.549512
-0.707211
-0.893443
1.290819
1.264418
-0.459829
2.571435
1.399878
2.807424
1.689179
-0.075360
-1.764977
-1.151749
0.606013
2.075065
0.730218
0.076886
1.202650
-0.187740
2.232291
1.402925
0.762502
-0.129872
-1.268826
0.859830
-1.145134
-0.648385
0.612705
0.703646
1.201763
3.669120
-1.835532
0.360065
-1.530061
0.467449
-2.161212
2.001516
0.835231
-3.168446
0.933893
2.952769
0.133760
0.275533
1.528442
-0.110948
0.459978
0.448050
-0.368416
2.015675
0.781850
0.597904
0.607271
-1.581844
1.927287
-2.888293
-2.174636
1.677309
0.219592
0.616817
-1.598940
0.686513
-1.403143
1.914841
2.520955
2.500785
-0.222424
-0.187843
3.843252
-0.939908
2.417778
1.087545
0.831022
-2.730468
0.275213
-0.850822
-0.796722
0.233831
0.964924
-0.362343
