-1.400066
1.196489
-2.358955
-0.029980
0.043648
0.350208
-2.608101
-1.315776
-0.733955
-0.885063
0.341564
0.163471
0.470718
-1.058361
-2.848145
0.777443
-1.754702
-1.780197
-2.664413
-2.079185
-0.731412
-0.729004
1.765625
-0.509315
-1.370804
-2.073502
1.703888
0.651737
1.616692
0.096535
0.457211
1.103737
-0.070358
-1.350525
-1.943567
0.414215
-0.226822
1.776428
0.469292
-2.534691
-1.096706
-2.880943
-2.230181
-1.466133
-1.385548
0.664215
-0.291821
-0.045658
-1.349279
0.608192
0.641140
0.255028
0.622452
0.319487
1.073290
-2.547707
1.397667
-2.991601
-1.555416
-0.307121
-1.791924
-2.367817
-1.967918
-0.979546
-0.025265
0.730400
0.897663
0.677269
-1.618256
-0.167229
0.857224
-0.218269
-2.929291
-0.834518
0.305376
-1.068274
-0.458801
-1.672630
1.073746
1.829262
-1.724850
1.746451
1.203957
-2.541615
-2.759430
-2.653837
-2.700040
0.845528
-1.413230
0.991081
1.111359
-0.515068
-1.251400
-1.208263
-1.460541
0.134621
0.444981
-0.312371
-1.246046
-0.463463
-0.176579
1.557564
-0.625093
1.598152
-2.385384
1.753300
1.010864
-2.794136
1.945793
-2.898476
-1.175285
0.330513
0.851456
1.151062
-1.570675
0.772533
1.097992
-1.848572
-2.628002
1.181977
-2.692703
-2.018036
0.089590
-2.463921
-2.874626
-2.787361
-2.023248
-2.674967
-0.541185
-0.350262
-0.073082
-2.832649
0.042726
1.784176
0.699066
1.217362
1.815156
-1.780144
1.202103
0.510937
-2.469273
0.581470
-0.328784
1.952415
-1.596947
-2.769985
-1.475161
1.748672
-0.162482
0.718662
-1.510132
-0.873768
1.975719
-2.107811
1.848011
-2.960629
-2.966495
0.167442
-2.415649
-0.836601
-2.863258
-2.987442
-1.968697
0.118853
0.273872
0.564835
-1.466095
-2.835396
0.931622
0.721237
-1.597149
-2.558510
-2.779335
0.931419
-2.105545
-0.356819
-1.775501
-0.040764
1.974102
-2.927963
-1.435768
-0.025238
1.099033
-2.694263
0.714546
-0.396919
-2.873032
-1.890488
1.003864
-2.346451
-0.501259
-1.528999
-1.411728
0.204910
1.171593
-1.667728
-1.336609
0.933029
-1.446802
-1.243851
-1.075033
-2.459122
1.955475
-1.534054
1.001869
0.742577
-2.123333
-0.343430
-1.848104
-2.335007
0.603111
0.048828
-2.656607
0.263859
-0.664795
-0.530266
0.150414
-2.912100
-1.914017
0.919499
-1.232094
-2.965256
-1.426758
0.972553
1.454881
-0.266502
0.936249
0.894318
-1.090760
-2.473812
-1.364964
0.898094
1.394829
1.911667
-1.645321
-2.784035
-1.246822
-1.599518
-1.227627
-2.639552
-2.107941
0.985359
-1.073631
0.641991
0.249420
-0.129204
1.405424
-0.893644
-1.480612
-2.898991
1.754501
-0.313416
-0.754021
0.215588
-0.328335
-2.404411
-1.484196
-1.556530
-1.058935
1.814369
1.182384
0.403503
0.359919
1.476982
-2.940496
0.882324
1.624283
-1.868377
1.821667
-0.164528
0.645494
1.396748
-2.705956
0.793701
1.216896
-1.122211
0.173760
-0.311962
0.315315
-2.355934
0.789734
-2.226883
0.532520
0.106080
-1.831230
0.899666
-1.614782
-2.608868
-1.078526
-1.657768
-2.701057
-2.115723
0.084778
-2.283134
1.301758
-0.299229
0.342987
-1.082241
1.304526
-0.387672
1.600731
-0.977375
0.471748
-0.173679
0.533221
-2.607771
-0.410378
-1.399265
-1.025799
-1.606361
-0.821587
-1.027390
-1.742928
0.798893
-2.836262
-0.042816
-0.139160
-1.926113
-1.047935
-1.864449
-0.719227
-1.285465
-1.504943
1.983444
-0.376305
-0.076126
-2.816708
0.783119
-0.991333
-0.033363
-0.843990
1.402367
1.613663
-1.191643
-0.579025
-1.930264
0.386520
-1.977432
0.323578
1.397537
0.242111
0.650269
-2.828987
-2.436031
-1.256307
-2.960611
1.475281
-2.316422
-0.791630
1.297890
-0.990158
-1.215233
1.602345
-2.217369
-1.289864
-1.338667
-2.305008
0.478718
1.567909
1.402275
-1.691895
-0.145176
-1.925108
-0.313862
0.299202
0.663845
1.686596
-2.365831
-2.669884
0.056198
1.667915
1.381756
-1.956585
-0.809032
-0.903992
-2.094666
-2.065248
0.610161
-0.936513
-0.923218
-2.620272
-2.574608
-1.972607
-2.068016
-1.417412
0.811916
0.973141
1.673315
-0.070694
-1.315023
1.702209
1.171021
0.576942
0.368210
-1.152161
-2.472121
-1.673424
1.239315
-2.252473
-2.380737
1.153305
-0.048824
-0.222397
0.594238
0.117496
-2.424839
-0.411964
-2.613724
0.827579
-2.968847
1.569111
1.016312
-0.008311
0.116447
-0.623627
-2.939740
0.965172
-0.406719
-2.238853
-0.882109
-1.001152
-2.834258
-2.283810
-0.664436
0.895874
0.810165
-0.064452
1.458622
1.563744
1.648956
-1.938271
-2.868126
-0.931484
-1.342896
-0.219570
-2.098581
-0.066780
-2.307503
-2.392063
-1.449654
0.741447
-0.636263
1.935932
-0.566414
-1.406784
-1.637974
0.250654
-2.597153
-2.713783
-0.244961
0.688301
1.485641
-2.043770
-1.587452
0.035308
-2.984472
0.403046
0.642570
1.424465
0.190826
-1.739796
0.626675
-1.088593
1.697483
-0.519880
-0.402573
-1.695198
-1.056259
0.369150
-1.407248
1.410423
-2.814877
-1.632433
-0.036471
0.620659
-2.024230
-0.505509
-0.895435
-2.322983
1.763860
-0.574768
1.925163
1.915710
-2.034218
-0.468994
1.995533
-2.737808
0.866131
-2.698837
-0.094387
-0.749310
-0.812836
-0.805580
-2.630561
1.163261
0.418045
-1.225864
-2.504253
0.057188
-1.800652
-0.665382
-1.082512
1.791420
-1.983105
0.558770
-1.514877
-1.464373
0.636762
-0.277245
-2.465870
0.166580
-1.229279
1.157600
-1.205548
-1.597496
-0.833267
-1.991684
1.354568
-0.853424
1.279034
-0.615123
-0.862066
-2.492760
0.308572
-0.322414
-2.830780
-0.281982
-2.481516
-0.842136
-1.338959
1.658199
-0.966479
-2.503086
-1.117966
1.979111
-0.809654
0.100553
-1.633707
-0.366215
0.906021
-2.798134
0.028893
1.134308
-1.843559
-2.023724
0.976646
-0.610954
-1.635727
-0.382706
-1.361385
0.659782
0.524155
-1.791637
1.044046
0.950466
1.592987
0.403914
-2.847239
-0.480888
1.604454
-1.645340
-1.652443
1.534072
-0.811577
-0.884478
-0.762005
0.682474
-1.069679
-2.677122
-2.439743
1.375032
-0.416344
1.749168
-2.034180
-2.543709
-1.619638
1.535263
-1.531120
0.286699
-2.353874
1.142044
-1.293503
0.972542
-2.668489
-0.056572
-2.175423
1.451920
-0.355690
-0.748024
-1.822147
-2.791565
0.260761
-1.050152
-0.085022
1.246801
1.585564
0.652828
0.433846
1.463089
-2.641891
-1.388084
0.207809
0.061840
0.176327
1.327400
-0.710892
-1.839481
-1.309036
0.424310
-0.276169
-0.256088
-1.842873
-1.881256
-1.826862
1.525024
-2.078388
-0.948446
-1.192528
1.158821
-2.399868
1.969101
1.107477
-1.998057
0.282150
1.759857
-0.866631
1.153465
-1.248573
1.361340
0.163879
0.717484
-1.459328
-0.900902
0.609627
0.191475
0.732468
1.198376
-0.163380
-0.720045
0.899266
-2.935547
-1.765610
-2.682625
-0.030228
-0.366031
-0.267569
0.980934
-2.312386
-1.370972
-1.076385
-2.403042
-2.458611
-0.622826
-1.858057
-1.122673
-0.563969
-2.836235
-1.309189
0.142731
1.587173
-0.042114
1.071049
-0.388443
1.112648
-0.547531
0.601578
1.855812
0.888805
-2.878310
1.512535
1.839041
0.165655
-0.888252
1.081699
-2.838329
-0.935772
-1.203461
1.131321
-1.851627
1.873627
-1.888943
-1.295074
-2.817059
0.525146
0.505951
-2.281948
1.846031
-2.772526
1.743254
-2.246227
-1.268721
-0.674889
0.952332
1.077263
0.684952
1.514233
-0.759496
0.125595
0.011459
-1.630463
-2.663055
0.300232
-2.946945
-0.616348
-0.834354
0.825401
1.653828
-1.954994
-0.974762
-2.987221
0.010374
-2.446182
-0.796974
0.044601
0.419865
0.668118
0.048958
-0.021713
-2.318005
-0.705025
1.952110
-1.143787
-1.926231
-0.464695
0.593590
-2.848549
-2.518439
0.540272
0.026974
0.850960
0.296852
1.747623
1.986561
0.649120
-0.107141
1.126522
1.716850
0.528603
-1.352459
-1.552542
-2.751802
-0.449692
1.457649
-1.382523
-2.123413
-0.882271
-1.650578
-2.508759
0.149117
-1.685150
-2.752861
-2.857790
-0.565208
-0.841740
0.136383
-0.258698
-2.167250
-0.719345
-1.050804
-2.227707
1.699570
-1.985754
-2.673218
-1.775204
-0.586647
-1.050591
0.060829
-0.681705
-0.755806
-0.432976
-0.995354
-1.189857
-1.539055
0.917191
-1.810463
-0.280184
-1.558350
0.370468
-2.226119
-1.779617
-0.335302
1.312607
-2.878204
-0.083817
0.985310
-1.066338
-0.996193
0.686195
0.987152
1.368415
-0.793652
1.642855
-0.713095
-1.320366
-0.530716
-2.870544
1.706419
-0.920376
-1.988640
-0.778534
-1.063988
-0.013748
-1.738842
1.330205
-0.180824
-1.897085
0.261959
0.808472
-2.439382
-1.837822
0.078407
0.801933
0.075836
-0.123333
-1.692941
0.520538
-0.112671
-0.158707
-1.759987
1.925138
-2.141205
0.757790
0.284348
0.140378
0.119881
0.647072
-1.260517
1.965733
-0.752373
1.765694
-2.926521
1.914505
-2.062057
-2.182255
0.387283
0.841038
-2.078697
-2.130943
1.619563
1.075874
-0.051847
-1.179733
1.630743
-2.042020
1.096661
-0.411919
-1.683975
-1.695320
-1.108055
0.231689
1.540062
1.806648
-2.987825
-0.251549
1.338219
0.954859
1.878742
-2.986736
1.184074
-0.432083
-0.235924
-2.232822
-0.052723
0.911915
1.427788
1.649521
1.863056
0.430676
1.152536
-0.022137
-1.530113
1.414245
1.903481
-1.314362
0.032204
1.652397
0.347404
1.927826
0.567459
0.950047
0.905792
-2.563492
-0.560929
-0.648905
-1.586655
-0.094017
1.099979
-2.775063
-0.263592
1.869745
-1.998154
-2.412710
0.195496
0.865448
1.488075
-1.346855
-0.826044
-0.938866
-0.917046
0.287727
1.489746
-1.540966
-1.499298
1.807993
1.489784
-2.195412
-0.744755
-2.755064
0.954857
0.364815
0.941925
0.461941
1.304344
1.204391
-1.095955
1.358864
-2.039211
-2.237885
-0.317824
-2.414429
1.831100
-1.047279
-2.421368
-1.084473
-2.542064
-0.664066
-2.951837
-1.443977
-2.247433
0.203239
-0.575062
1.467888
0.411018
-0.614967
-1.582840
-0.318344
0.337784
-1.469185
1.445553
-0.692753
0.152390
-2.011246
0.044815
0.128513
-1.694130
0.119577
-0.980331
-1.585274
-0.333244
-1.402679
-2.824677
-2.726013
0.469147
0.487617
-2.756905
0.637550
0.292831
-2.995693
-1.108398
1.592716
-1.908562
-0.381828
1.952908
1.302673
-0.216969
0.672554
-1.846939
1.322849
1.026806
1.237034
-0.675739
1.142899
0.595631
1.672314
-0.835182
-1.399261
-0.852707
-1.020523
-0.657112
-0.010994
-0.393471
-1.439341
-2.140648
0.226938
-1.710693
-2.491753
0.708183
-1.189270
-2.004019
-0.916275
1.697369
-2.759487
-1.265213
-1.857460
1.724472
-1.704195
-1.203270
-0.565407
-1.081207
-0.356991
