-0.613640
0.527558
1.878106
0.408466
1.092371
0.665092
0.111586
1.265360
0.753950
-2.403178
0.633150
1.887440
-2.166422
-0.730145
0.782825
0.092909
3.094831
1.673795
2.593175
0.273804
2.411077
2.292928
-0.759229
3.591779
1.380150
-0.655137
-0.081169
1.028015
0.423997
2.547617
-0.007579
0.606141
-1.597854
-0.619441
4.059507
1.250933
1.728779
-0.444145
1.493520
-2.893728
0.805789
-0.199486
0.004600
2.392084
-1.454889
1.131588
0.297857
1.126271
3.208084
-0.551380
-0.858831
-0.584225
3.208190
1.475502
1.975933
1.963119
-1.221275
1.304060
1.144308
-0.278606
-0.192479
-0.419946
-3.935514
2.646935
-1.600554
-0.769937
1.128348
0.163217
2.455193
0.594616
-0.078157
1.396409
-0.949858
0.793953
1.543119
0.699901
-1.442728
3.926469
1.124128
-0.486932
0.660412
0.387198
1.659023
0.446809
0.805370
0.716115
-0.545720
-1.169127
-2.446984
1.378461
0.787605
-2.015024
0.134550
0.079349
1.083608
0.518597
-1.623446
-1.184596
1.016827
1.205804
-0.871250
-4.923603
2.243067
1.213459
0.539327
-0.179953
0.700866
1.309446
-0.171129
-1.125108
-0.067306
-0.893430
1.046799
-1.127024
2.177886
1.226767
3.143735
0.528065
-0.028346
0.079685
1.507547
-0.310152
1.611283
-1.116863
-0.275348
0.421443
0.857664
1.813395
-1.321995
0.241423
-0.877550
1.258708
0.823647
1.537608
0.846269
-0.843361
0.487031
1.690041
0.367818
0.779291
-0.919097
-0.447423
1.655517
-0.194642
0.599512
1.197221
1.186433
-1.373523
-0.085969
1.353187
-2.217375
0.310987
-1.020148
-0.073260
-2.679047
-1.968390
-0.302297
-0.409696
0.564484
1.852497
-1.917749
-0.329301
2.312047
-0.139171
2.216852
0.760075
1.340585
-1.489374
-2.352294
-1.975551
0.773433
0.461431
3.428898
1.864858
1.863067
-0.713934
2.046232
1.344962
0.109962
3.401287
-0.520567
3.454566
0.553311
-0.931694
-0.649138
0.032046
2.792885
0.400208
0.805034
0.191164
2.780848
-1.411199
0.959512
3.477212
2.106764
-0.876539
0.604516
0.176576
2.520207
0.278466
1.020396
-1.300296
1.658069
2.031752
1.896506
-3.070717
1.892215
-3.217176
3.633242
1.444356
2.212641
-1.030974
0.729386
-1.616406
0.533207
1.789027
-0.539889
0.412423
3.116282
0.813991
1.462590
2.233060
2.738982
1.327032
1.994239
3.438500
-0.950968
-2.200977
-1.680947
-1.020494
1.116058
-0.969020
0.992638
0.556418
-2.364353
-1.708320
-0.337535
1.857975
4.032928
2.241786
0.739758
2.094492
-0.617036
-0.238567
0.559904
1.080999
-0.567331
-1.228915
0.738024
-0.785578
-0.101970
1.685772
1.467315
0.186766
0.939298
-0.517011
-0.176649
0.939414
-1.635189
0.477672
-2.220780
0.434802
1.684684
0.484275
-2.999201
-1.869501
0.615298
1.486913
-1.561910
-0.592644
0.828155
-0.723998
-0.868958
3.810872
0.065614
-1.509308
2.160091
2.124319
2.751387
3.693958
1.667694
0.863912
-0.515753
-1.524117
0.187094
-1.405751
0.357154
-0.100445
0.707124
2.694723
-1.913640
0.895069
0.256123
-1.596677
3.674235
-0.766234
-0.666228
-1.433336
0.840231
1.577140
-0.196290
1.512541
3.793862
-1.156333
0.230946
-0.380690
0.673618
-2.328490
3.096464
0.551984
-0.304958
1.363627
-1.597523
-0.148898
1.065006
1.378746
2.218878
2.026457
1.364458
0.545892
0.419362
0.059013
-0.079159
1.773225
0.664969
0.661662
-1.633012
3.114990
-0.773720
0.183000
2.918038
1.462195
0.409154
0.307509
-0.496722
0.334389
3.294253
-1.476206
0.188391
2.615738
-1.738213
0.311302
2.029049
-1.627503
1.961264
0.248738
1.201941
-0.027314
-0.090263
2.674728
2.304830
1.122575
0.600816
0.335967
1.065434
0.572770
0.916843
-0.678509
1.851734
-1.182428
-1.180135
0.215948
-0.707544
0.655929
0.333587
1.308667
1.121144
0.852998
-0.569228
1.769318
2.336370
0.029531
-2.584139
0.673954
0.674063
1.195898
3.258377
-0.743347
0.650952
1.753673
-0.067097
-1.023978
1.519024
-1.833118
1.529318
1.357513
-0.381937
1.307556
-0.759918
2.036605
-0.112909
2.615939
0.830594
0.583777
3.171426
-1.315769
-1.662413
2.481296
0.537669
3.032454
-1.848982
0.193214
-1.979804
-0.241776
-0.454919
0.490987
-1.167170
0.618217
1.640533
0.695669
1.006500
-0.015630
-0.526635
2.253346
1.534990
2.416095
0.573214
-1.721820
0.174314
2.567369
1.040123
1.105283
-0.305875
1.366076
1.353491
-0.582870
0.521297
-0.272585
1.890890
0.348111
1.715156
-0.292981
1.930838
-0.666647
0.357735
0.613527
0.809621
3.037237
-1.415699
2.609296
0.291368
-1.016812
2.413570
-1.342548
1.774087
0.393073
2.876467
-2.889169
-0.573680
-0.829405
0.879638
-1.519394
-0.353148
-0.746804
-1.671603
-0.588062
-0.837308
-0.579992
-0.251620
0.311607
2.834939
-0.957506
1.179185
1.013851
1.638732
0.717750
-2.866497
-0.534213
0.880493
2.513404
0.787467
2.319520
2.632238
0.114399
4.035193
1.684724
4.690177
0.907092
1.640474
1.616573
0.789388
2.088120
1.245714
2.532140
1.690219
-0.002097
1.167430
-1.918929
0.520243
0.713608
0.943833
-0.994063
0.512477
2.196515
1.139276
1.530203
-0.258382
1.075908
-0.361872
2.229064
0.359040
0.284542
-0.888450
2.116749
0.250514
2.156596
3.345272
0.886266
-0.488187
1.942832
-0.880986
0.492043
0.217884
0.519947
2.154686
1.527437
0.755385
2.474966
0.541500
2.443898
0.816184
0.992342
-0.048507
0.760463
3.960858
-0.522510
3.830081
2.016812
-0.636980
2.021567
-0.657945
0.152797
-3.399577
-1.376216
-1.012091
-0.878433
0.801457
0.419934
1.687449
-1.270556
0.024833
1.062648
-4.065067
0.588538
0.807965
1.038576
-1.196533
0.860149
-2.794762
-0.420057
-1.390890
2.484862
0.943586
4.652416
-3.034803
-2.917050
-2.289850
-0.270349
0.089762
-0.350179
1.906517
-1.205330
3.062869
-1.709526
1.692209
-0.783003
0.530740
-0.137437
0.212211
1.898188
2.579786
0.161886
-0.017330
1.353616
0.563673
2.853456
-1.243182
0.483505
0.841019
1.072974
-0.618410
2.331970
3.370719
2.210632
4.758388
-2.794195
0.407272
-1.662820
0.056368
-0.536566
0.496201
-0.013833
2.617136
1.790352
1.594955
-0.707772
2.744535
-0.099383
-0.681713
1.757657
3.833008
-0.266775
0.292259
-0.019482
1.865174
0.425194
0.376486
-1.227687
0.934877
-0.431503
-0.540489
1.390624
0.891012
-1.457843
1.024256
-0.817527
1.303908
0.641284
-1.641466
1.398036
0.705006
1.326933
-2.763379
0.181074
1.313399
1.160077
1.542050
0.547779
1.976921
-0.038369
-0.505724
-1.785307
1.706044
0.095575
-1.561433
0.562002
0.850371
1.796212
1.258377
1.724494
-0.174205
-0.874016
-1.946883
-0.643158
0.073132
0.506468
-0.500677
1.075692
-1.472105
-1.808496
0.954431
-0.217166
2.509274
-0.327641
-2.462733
0.739819
-1.695964
-0.810438
0.319697
-0.293891
-0.979871
-0.700003
-0.683663
-0.319574
-0.087611
-2.296340
0.090131
2.106452
0.237987
3.221976
-1.108981
-0.473560
2.300264
1.086142
1.100433
-0.588471
0.709458
0.935957
4.380263
2.707103
3.587761
-1.257971
-0.060064
0.889906
2.244576
3.799638
0.469940
-0.078822
1.577943
0.540318
-0.939221
-1.454917
1.082281
-0.967090
-0.557027
2.175058
-0.228164
-2.043497
-0.212973
-0.887053
-1.745974
3.594362
-0.578026
2.568487
0.263124
-1.211360
-1.831668
-0.294601
-0.805540
-0.839789
1.325085
1.950338
1.358407
0.496820
0.462267
2.891810
0.541490
-1.956507
-0.652763
0.765428
1.049688
2.990645
-3.050730
-0.015796
1.643290
0.567461
-1.105575
-0.244381
1.720727
1.220110
0.883207
-1.577779
1.169229
1.293225
-1.357238
0.618789
1.324624
0.243344
1.346595
-0.271551
1.100615
-0.182891
0.486427
0.574500
2.331284
1.401221
-0.333124
-0.737308
2.262313
-1.010675
-0.251200
0.575369
0.475829
-0.420733
0.762637
0.374893
0.076834
-1.148793
-0.158412
2.369339
0.428457
2.283649
1.400942
0.284807
-0.744817
2.662420
1.841736
1.907861
-0.081206
0.988912
-0.748232
1.667823
0.816732
2.383273
2.243999
1.319212
1.214586
0.694171
-0.811474
0.484047
1.244928
0.099032
0.837203
1.053683
-0.069773
-1.751992
-0.774314
1.277546
0.122730
4.350770
-2.611539
1.931044
0.546299
-0.994395
-1.147948
-1.391917
1.026608
-1.087808
-0.629890
0.826444
-1.685856
0.458971
-0.297924
2.275152
0.426190
1.501217
3.204821
2.850642
1.252522
0.468362
-0.766031
2.575977
-0.397418
0.130921
0.324955
3.093724
-0.730618
2.845058
-0.446033
-2.540264
0.363370
-2.198853
1.380089
-0.443233
1.938283
2.004033
4.649787
1.002264
1.616643
-2.969422
-0.381345
0.702360
2.015884
-1.198758
-0.404653
1.613435
1.135761
1.289814
-1.231677
2.374227
3.641127
-2.183439
-0.170706
0.274067
-2.407434
1.201353
0.067711
1.992803
0.347432
-1.021159
-0.051552
-0.673935
-2.096671
0.206774
1.929489
-1.376618
2.215527
-0.205052
1.382291
1.976644
2.126530
0.817773
1.043111
1.018264
1.382579
0.055890
0.317982
-1.487000
-0.415341
-1.486961
0.393179
2.409916
1.455984
-1.950829
-0.366966
2.980075
0.279074
0.423321
-0.512723
0.853546
1.972171
-1.900532
-1.164020
0.415412
0.380359
-0.506074
3.092502
0.652476
1.719429
1.251648
0.516415
0.364660
2.342035
2.568719
2.078207
1.265953
-1.249140
2.265468
4.410403
0.309959
0.419702
-0.573743
-0.505455
-1.085597
2.759251
0.318782
1.668480
-2.299741
0.627534
-0.507952
-2.415468
1.871888
0.603637
-1.092571
2.721566
-0.495837
-1.501495
-0.341714
1.815064
-1.089440
-1.237954
2.114195
-0.237801
-0.802833
1.483567
1.634243
2.374955
0.429340
-0.893854
-3.229188
-1.251691
0.572874
2.673340
1.219121
-0.862367
3.714281
1.284582
1.373919
1.941525
2.338914
2.378767
-1.025261
-0.562984
1.313945
0.389463
3.366712
-0.319973
-1.090023
-2.418138
1.822470
1.856005
-0.138130
-1.219508
1.093015
1.161183
0.592693
0.512245
3.017729
-2.903685
0.477521
3.752314
-0.023966
-0.994816
2.647354
5.579248
-2.449100
0.963377
0.658670
0.289156
1.530206
0.711229
-1.798199
0.186684
0.950254
-1.657867
0.691506
0.682889
2.108622
1.559130
1.819828
-0.459748
3.396286
-1.864725
1.194841
-1.964936
-1.316119
3.007945
1.016660
-1.542148
1.447636
0.033692
1.822325
1.896305
-0.278165
1.286489
-0.596047
3.792890
-1.529560
0.563083
3.358389
0.779171
1.498771
-0.086876
1.747925
0.674012
-0.286576
-0.709961
0.670579
1.267311
-1.498988
1.700303
1.071327
0.306288
-0.166660
-0.284116
0.166935
-1.545176
1.944849
1.696239
0.563445
-0.909541
-0.620643
-0.590113
1.156242
2.701869
2.301786
-0.675482
-0.624701
1.566203
-0.449804
1.318122
0.754054
-0.505442
-2.001705
2.036849
-0.477316
-2.250725
0.356732
-0.094000
1.606444
-0.868417
0.976317
0.133093
-1.232366
1.161806
5.621422
-0.832339
-1.153972
0.878457
3.591356
1.680692
1.956634
0.036625
1.111882
-0.549817
-0.787159
1.974744
-1.173420
0.898148
1.934554
2.836786
0.454147
-1.450826
-1.142191
0.477745
1.455500
2.654999
2.485056
1.470708
-0.108992
1.218870
0.736955
1.029490
-0.245982
-1.350514
3.204297
-1.453053
-2.098910
2.532787
1.339735
-2.083492
-0.116599
-0.589745
-1.225930
0.616826
0.392207
0.663559
2.059275
0.235602
-0.596603
0.242515
-1.523142
1.309954
0.623001
-1.517153
1.562920
2.521885
-0.466430
0.161406
0.479537
-2.607377
0.672462
1.926981
-0.262344
-0.036359
0.917497
0.014913
2.338677
0.919402
-0.271087
1.386620
2.482874
0.441211
-1.626721
0.251423
-1.734730
-0.457423
2.524703
1.397503
-0.266148
-1.675956
1.391105
1.367666
-1.702971
0.119309
1.733394
1.053131
-0.212697
2.363207
-1.879844
0.342810
0.303942
0.415992
2.538518
1.203523
0.487987
-0.515452
0.999055
1.266888
3.355417
-2.859663
1.841976
2.007032
-0.556535
0.226558
1.066701
1.045317
-1.778696
1.860112
-0.140222
0.793984
0.975626
-1.316174
-1.243073
0.400884
0.512369
0.575907
-0.265462
5.149113
0.677841
1.931340
0.191806
2.117160
3.242630
2.718175
1.209558
-1.406662
-0.513387
-1.413247
0.054166
1.548814
-1.271016
0.867451
3.291856
-0.517180
0.455801
-0.684453
-0.876982
-0.904190
1.261915
-1.670301
-0.666823
-3.022970
1.055253
0.406016
0.987618
0.674703
0.922338
0.200021
1.842364
1.729173
-1.063105
0.378621
1.602863
2.497782
2.416898
-0.271376
2.787577
2.539835
2.061099
-0.194401
1.889766
-0.623631
0.556949
0.172780
2.006322
-0.800156
0.796528
1.612112
-0.863905
2.461853
0.178151
-1.527259
-1.354651
1.055833
-0.700480
0.685306
-1.074484
0.175335
2.794304
-0.704952
1.579761
-0.220302
0.158956
0.072229
2.302600
0.490688
2.103707
1.548609
2.386564
-0.989313
-2.506304
0.438639
4.280766
0.250955
-0.213686
0.956190
2.746857
1.593231
0.849091
0.386124
2.302294
0.332907
-0.862685
-0.870719
0.474935
0.109021
-0.468758
3.248708
0.211842
2.452101
-3.581972
1.209914
-1.950991
2.306294
-1.725387
1.430170
-1.539548
-0.421766
1.698489
-2.368375
0.487575
0.679295
2.258123
1.020698
-1.793020
2.161802
0.351666
-1.606077
4.888142
-0.103525
1.330820
-1.419173
-1.658677
0.133650
0.570307
0.751981
0.307940
2.643415
-1.908024
-0.168700
-0.417524
0.599194
-0.866709
0.072718
1.466163
0.341094
-0.016679
0.255100
0.444343
-0.169844
0.877922
-0.317804
0.669650
2.775537
-0.032751
0.206076
1.919100
0.469138
-0.103404
0.034862
-2.837215
-1.475828
0.023569
0.525001
2.178919
0.477566
-0.670569
2.183160
2.034686
1.304478
2.797853
2.831855
0.206260
-0.220281
1.977774
2.888113
0.378187
2.200407
0.615230
1.058456
-0.711573
1.701263
2.582469
0.567715
-0.690964
2.661464
-3.371922
0.351937
-0.811538
-0.460272
0.262845
3.971626
0.810427
-1.606113
0.549818
1.582738
1.146660
-0.585005
-1.440795
-2.538276
-0.371186
-3.525941
0.013912
0.364751
-0.217384
-2.343019
1.469083
-0.034338
-1.106103
0.489652
2.416328
0.138780
-0.781506
0.773543
0.599730
-1.587058
1.408907
-0.242101
0.814228
-0.329270
-1.990661
0.905958
-0.583480
2.582843
2.174326
-0.060681
0.250408
-1.136194
2.413096
2.887928
1.358908
-0.328247
4.061080
2.523716
0.670568
1.428239
1.347294
1.273423
0.817953
0.313826
1.271439
-0.135009
-1.622004
0.789512
0.848250
3.458866
-0.720982
2.621872
-1.037959
-1.128384
1.721877
0.991438
2.407781
1.631953
0.701880
2.100993
-1.541056
-0.790406
0.782440
-0.577689
-0.605076
-1.026039
-0.337634
1.946461
0.744932
1.513094
-0.085579
-1.210556
1.795655
2.732161
1.993735
-1.702866
1.723147
-0.361965
-1.672197
0.512981
0.980661
0.446152
1.971046
5.114469
1.103185
0.000205
0.320915
0.280923
1.388742
-2.984901
-0.867657
2.615624
-1.363606
-0.198071
0.704136
-1.805728
0.626684
-1.338180
0.561973
-0.133295
0.080056
-1.233046
2.898079
0.461576
-0.849565
0.340927
1.346847
-0.386254
0.548405
0.616396
0.401345
-1.770535
1.288350
1.091774
2.362243
-0.637835
-1.472205
0.745384
4.672005
-0.055343
0.118211
1.390004
2.054344
0.737097
-0.043926
-0.245102
-0.192305
0.618243
1.529144
-2.772666
0.091333
-1.502765
2.832432
-0.076157
0.629897
1.217658
-1.440108
0.806571
-1.423857
1.939213
-1.171238
-2.273305
-0.229580
-0.078416
1.148787
-0.599902
0.014552
0.318027
1.162867
-2.487283
1.229692
-1.313783
-2.171692
1.069361
-1.138869
0.353977
-1.521929
1.289068
2.393586
0.616578
3.337443
-1.360363
1.887575
-0.076996
3.931744
-1.574050
1.555964
0.471016
0.545343
2.110506
-0.363308
2.716847
1.750557
0.668424
2.807950
1.008579
1.424007
1.539457
-0.920455
0.577477
1.617716
2.105169
0.868474
0.509851
-0.036548
2.561683
0.898299
2.263953
0.936265
0.575608
2.563517
0.708078
-0.482564
0.587615
1.363189
0.936906
0.781089
1.631557
-0.195528
1.771269
-0.126063
1.399541
3.090837
0.864819
1.715780
-1.630694
1.802597
0.426716
2.217290
-1.268420
-0.595150
0.353200
0.092276
0.769821
1.660625
0.031716
-0.414728
0.644486
1.289860
1.353855
-1.616572
1.759544
0.882551
1.409439
1.610540
1.695965
2.547124
-1.512009
-1.322846
0.248999
-1.403367
1.086241
-0.676102
-0.945353
2.737511
0.910387
-0.232864
0.419767
-2.730458
4.424310
-0.333192
0.252928
-1.213007
0.599913
-1.464453
-0.871807
2.355146
-0.082318
2.481736
0.421159
-0.914269
1.759676
0.451841
1.606961
-0.860058
0.865565
2.598889
-0.696016
3.018962
1.669033
-1.284891
-0.681752
-0.374651
0.802893
0.945861
1.098565
0.066167
3.409882
-0.862564
1.060020
0.830621
0.251922
-1.831960
-0.680229
1.107976
0.497969
0.789705
-0.159240
0.588354
1.298596
-1.484057
-1.039866
1.556911
0.113841
3.197206
-0.195654
-2.963314
0.104819
1.518459
0.634345
3.067955
4.608638
1.160077
0.111838
2.066249
-0.054426
-0.613504
0.882131
1.032079
1.624001
3.878644
-1.539712
0.790928
-0.417724
-1.788664
0.152202
3.481686
2.164456
-0.683680
2.050289
0.991723
1.316072
-1.202608
-0.098876
1.673740
-1.161153
-0.973971
-1.278232
0.567502
0.374670
0.631692
1.535370
0.301075
0.143189
0.344571
1.933796
0.968874
3.025871
0.247909
-0.576480
-0.244937
1.875675
0.424418
1.013533
-0.048188
2.145758
0.423079
0.590750
1.198738
1.031551
0.570194
-1.326691
-1.097253
-2.878920
-2.290098
-4.666641
0.849306
2.303936
-2.100537
2.546763
3.785089
0.034515
1.905873
-0.667676
3.432463
0.229213
3.410382
-1.333958
-0.245641
-0.330718
1.322594
0.857231
0.336123
-0.880120
-0.049630
-0.369546
1.657679
0.713560
-1.154853
-0.339424
0.528322
0.311890
-0.944007
-1.748910
0.566396
1.470113
-1.175210
1.044513
-1.285994
2.539108
-2.251349
0.503910
0.995435
1.924819
3.707439
3.810188
0.270106
-0.343038
-0.220152
-0.991116
-0.370990
0.309419
-0.071652
2.202214
0.459545
0.781516
-0.367813
2.422178
0.774242
0.657596
1.202312
0.533277
-1.012826
0.699726
-1.670685
0.828982
0.058520
1.044747
0.951716
1.062132
0.758698
1.553858
5.285218
-0.300486
1.400205
-0.212890
2.266925
-1.199816
-0.683813
-0.803206
-0.130701
-0.538260
-0.652989
2.996343
-0.662395
-0.617793
0.440097
1.002940
3.467127
2.699905
0.840052
-0.799249
-0.577248
-1.065139
-1.810452
0.032371
2.334204
-1.119107
0.392255
0.412360
0.114029
-1.708127
-0.214138
3.109039
2.112775
1.849945
-1.039648
-1.960370
1.133110
-2.566845
4.104465
0.926346
0.314397
0.947032
-1.408038
5.026815
0.487545
1.873685
-1.612895
-0.556735
-1.652570
1.335278
0.939152
-0.705226
-0.166834
0.374774
-0.810106
0.127504
0.985306
1.615165
2.006711
0.611672
1.569965
-1.533232
0.165434
-0.757463
-1.274435
-0.644998
1.840075
1.674283
1.556644
3.583665
-0.281094
-0.666565
1.316945
0.073701
1.947265
-0.829649
0.552642
0.295653
3.950657
-0.286047
-0.474804
1.593845
2.061593
-0.946603
0.740618
-0.740281
-0.749724
-1.182827
-1.823479
-1.475796
0.987974
-1.653702
1.316844
2.623409
0.540710
3.083301
2.799736
-0.207591
-0.734802
0.843398
0.879541
0.982772
-0.067481
-0.594481
-1.133821
0.801009
3.391787
-1.791752
-1.538589
0.227851
-2.064711
0.408562
1.194477
0.402709
0.077051
0.922946
-1.092621
0.338029
-1.214730
1.694807
-0.994626
1.686925
-0.108593
1.971052
1.672757
-0.292408
1.178342
-0.933977
1.127559
0.608506
-0.061139
2.349762
2.976525
1.502133
1.065519
-2.024873
1.108178
0.767819
0.315238
1.535861
0.928923
3.572428
-1.514236
2.499822
0.027358
-0.873753
0.470946
0.393977
-1.376262
-0.378002
4.085242
2.221260
-0.092183
-1.104224
0.914013
2.022097
0.251068
0.154169
0.847026
1.345223
-1.591095
1.293506
2.306368
-1.100317
-0.601400
0.136921
-0.125371
-0.776560
-0.160126
2.043267
-0.266246
2.979379
1.522256
-0.564357
0.519516
2.286370
-2.853829
-1.309433
-0.838956
0.260511
3.209515
3.481234
-1.656681
-0.256358
-1.588454
0.422877
0.207477
0.019031
2.647884
0.657877
0.051920
0.350442
-3.327130
-0.061511
2.355550
-0.765033
-0.492240
0.341146
0.725221
-1.933288
2.377837
4.136864
1.555466
1.574178
2.339228
-1.198389
1.294410
1.170811
0.476203
0.161383
1.176742
2.651017
-1.036925
1.079973
0.574366
-0.993631
-0.676313
0.146015
1.510122
1.496283
1.506533
-1.685472
0.115920
1.707538
-1.039463
4.714696
-0.029555
1.118383
-2.030343
1.890254
0.860852
0.262697
-0.891715
0.092214
0.637420
-0.937124
0.236663
-0.912412
0.019559
-2.965703
-0.135021
-0.826396
0.108406
0.928093
-0.924752
-0.652972
-2.043419
-0.211546
0.687644
2.531517
-0.797014
2.422117
2.310829
2.209487
5.472366
0.133802
-0.117902
1.352896
0.484992
0.257310
-1.908491
1.314366
-0.132225
0.453195
2.130604
0.156276
-0.642275
-0.316885
0.116834
1.110775
-0.052704
1.476831
0.480349
-0.023110
1.967167
1.122900
2.623001
0.192838
0.865363
2.042370
1.183401
1.654369
2.398232
-0.050015
1.708791
-0.538006
-0.064204
1.091788
1.068590
2.530700
0.120080
-1.761001
1.163751
1.324387
-2.033108
1.529466
0.748602
1.322527
-1.123314
0.507636
3.152512
0.795970
1.719388
1.165508
-0.728835
1.171666
1.001922
1.962526
-1.039285
-1.182857
-2.412456
1.473366
4.452822
0.790445
1.420099
1.500237
0.857493
0.565030
1.519411
-0.382577
1.082721
-1.300375
-2.359095
1.113746
-2.293109
-1.797430
0.845603
-1.352564
2.827267
2.168772
1.533814
-1.563642
1.109891
-0.800836
-0.017648
-0.976680
-0.815068
-4.623239
1.388295
2.040468
2.320655
0.936421
1.050298
1.787091
-0.710447
0.610077
0.716166
2.302391
1.246725
3.265273
2.082993
0.822847
1.340134
0.500124
1.174507
1.640762
0.144260
-2.300909
1.315014
1.682063
-0.750031
0.513419
0.655941
-2.217582
1.346891
0.148678
1.303459
1.189980
1.041054
-0.504269
-0.288787
0.127588
2.719671
0.195727
1.049920
-0.894661
-0.990349
1.242092
0.041978
1.502072
3.634251
0.399225
0.153219
4.376258
0.481867
2.080277
-1.292106
-0.038667
1.055697
1.895926
3.366861
0.329555
-1.482271
0.352323
-2.822798
0.854917
-0.203835
-0.116120
1.014908
-0.232688
1.114935
-0.607026
-0.607186
-0.042476
-0.605948
2.016402
1.284610
1.194884
0.190066
1.129753
1.850996
0.915313
0.261738
-1.052777
2.766011
0.046777
0.883294
-0.182313
-0.935905
-0.897513
-0.106434
-0.009834
1.900074
-0.084846
1.001275
1.121658
-1.601138
-1.881667
-0.950306
1.611913
-2.841456
-1.467901
-1.327223
0.826963
1.465359
-1.834620
-0.267060
-0.488791
3.641918
0.660914
-2.125881
-0.930264
1.532898
-0.261684
2.999427
0.189331
1.319247
2.385706
0.418106
0.322734
1.511260
0.565635
1.319867
1.345731
-0.034627
1.142620
-0.556982
1.344312
3.109873
1.736564
1.641278
-0.837699
-0.443387
2.221048
1.095012
-0.380175
1.683657
-0.625674
-0.419297
0.403606
0.681808
2.643403
0.603262
1.004294
2.239547
0.497062
-0.839500
2.284917
1.343366
-0.504216
2.723244
-0.090674
2.659008
-0.551696
-2.334236
1.905554
0.076175
0.858462
-1.157618
1.698771
-0.256352
1.280831
3.225324
1.171532
-1.297621
1.136688
-0.335619
2.941309
0.314699
-0.274033
-0.102970
0.139227
0.293063
0.426073
0.432936
-0.289531
0.905831
3.324802
1.745967
-1.985143
0.743467
-0.445089
-0.374860
0.826068
1.851624
0.638457
-2.831600
1.099320
1.210566
0.094139
-3.181725
1.449422
0.298659
-0.434463
0.748219
-1.689208
0.922472
-0.758540
0.814174
1.284706
-0.886849
0.761068
1.629652
-1.240067
-0.231924
0.283261
-1.635137
2.711487
2.734994
-0.166299
-0.242597
-0.656068
1.130363
0.677676
1.007303
0.765498
-0.069156
0.777955
2.142614
0.547869
0.708256
1.747522
-1.440249
-2.914838
0.163763
-0.637685
-0.999325
0.580324
-1.517577
-4.199924
4.043758
0.426730
0.819072
2.362656
2.438044
1.550517
-1.145830
0.923345
-0.775050
0.109391
0.541408
-1.074466
1.060771
-0.089128
0.776499
1.239727
0.718583
0.245086
2.833133
-6.299412
1.256386
-1.159757
1.980651
-1.451046
0.237059
0.633098
1.968445
-0.950909
-1.159920
1.690260
-0.404771
3.247273
0.282195
-1.723583
-0.397256
0.505303
-1.729692
2.600985
1.129895
2.581746
0.793425
-0.502044
1.316974
-0.884834
-0.028793
-3.525501
0.095978
-0.361813
-0.376834
3.380615
1.885863
-0.108967
0.271684
0.666827
-0.358727
-1.481540
3.769265
0.684962
-0.907209
1.916065
1.174336
1.004090
0.607410
1.374603
0.950797
1.446646
1.537144
0.429091
2.096358
-0.941617
1.019370
-0.838164
-0.596988
-0.318407
0.956948
2.937983
-0.076275
-0.833891
-2.650741
0.979083
-0.719899
-0.906447
0.981210
-0.352216
-2.309468
-1.457102
2.373641
-0.955565
-0.688384
3.132941
1.859389
1.040060
-0.405965
-2.204153
0.574896
1.691532
0.648316
0.831198
2.595689
0.969333
1.510224
1.354269
0.158906
1.237343
3.690289
1.346271
-2.405446
0.763950
-0.694486
-0.128254
-1.170211
-0.861657
1.307458
-0.516556
1.338514
-0.082154
0.686949
-0.196713
-0.819741
0.198158
0.892065
-2.753809
1.148979
-0.510644
-0.112598
2.689745
1.399305
1.601092
1.893146
1.611090
2.815803
0.652116
0.818162
-2.209234
0.998404
0.875200
1.942750
0.406067
-0.010553
3.183997
-2.776301
-0.792917
-0.042467
0.249334
-1.421172
-3.244045
0.635465
0.749171
1.189402
0.154317
-1.914188
0.776085
-0.306427
0.244897
0.522271
1.541848
0.927542
0.044789
-1.255890
1.020213
1.165695
2.173986
2.521915
0.485839
0.813306
1.126100
-0.765694
-0.156068
-0.154719
-1.501126
1.629337
1.278125
0.420365
-0.595710
0.282577
0.838951
-2.570460
-0.581816
0.378918
2.401315
-1.976704
3.236762
0.704827
0.708815
-1.016328
-1.504650
1.911194
1.958520
1.057846
0.914209
1.070523
-0.354851
-0.654320
1.013028
-0.475842
-1.425239
1.148890
1.481477
-0.826707
0.347271
1.321472
-1.445376
-1.695347
1.183831
-0.422245
-1.478206
-0.919374
2.685585
5.233091
1.163299
0.564141
1.353655
2.717016
-0.283773
2.084600
-1.200243
1.954517
2.470639
-0.976936
-0.319840
0.404295
-2.006582
-1.605770
-1.985313
0.701404
-0.238212
-0.499810
1.703147
-0.226289
-0.715400
0.066849
0.069898
0.185273
0.032516
-3.894590
-2.900210
0.476971
3.673434
-1.364946
-0.398686
0.817925
2.344314
-1.698173
-0.625336
1.306337
2.438000
-0.016582
-0.137460
-0.713766
0.886360
2.993183
-0.088010
0.636905
-1.596116
-0.758899
0.934441
2.103717
0.905369
1.750644
-2.652388
1.606773
2.107132
0.883841
-0.945811
-0.884262
-0.680822
-2.600193
-0.013559
2.435060
3.322756
0.364919
0.506753
4.248359
0.083248
0.401820
2.582884
-0.633573
1.671846
2.016334
-0.019776
1.242186
-1.802267
0.654657
-0.219231
0.104170
3.848054
1.016217
0.719969
2.060352
-2.540580
1.404740
0.104818
2.737310
0.385783
3.266552
1.305807
0.837917
-0.237077
-1.255884
-1.325807
1.222688
4.506732
-0.998085
1.837509
1.215666
-2.234952
0.619233
-0.805722
1.377143
1.783816
-1.302911
0.963273
-0.782554
-0.355009
0.331255
0.535499
0.467343
-1.321138
1.718644
-0.602979
1.068376
1.315885
2.461535
0.796190
0.728273
1.656987
1.430401
1.413331
-1.566772
-0.645397
0.523025
-0.414442
3.749866
-0.561493
-0.682911
-0.273365
0.631060
1.251677
-0.444787
0.621288
0.032301
1.287927
1.670694
-0.136608
0.519608
1.768501
-1.574532
2.177055
-1.921742
0.215919
3.283811
1.738671
1.112008
0.649157
3.014870
2.714433
1.727508
-1.398082
0.183339
1.775462
-0.563722
0.257175
0.228621
1.230853
-0.080402
1.468901
2.573526
-0.390468
4.967355
2.929553
-1.082353
-1.181415
-3.080105
1.332908
-0.742176
1.207774
1.551022
-1.916760
4.123564
0.400346
1.752592
1.559630
-1.840250
2.081936
0.305231
1.872945
2.244388
-2.194656
-0.806700
0.361882
0.545659
5.483348
1.940516
0.266556
-0.617841
0.237018
1.945406
0.933685
-1.450234
-0.329186
3.562796
-0.429219
1.470562
-0.238739
1.760369
-0.138171
2.195618
-1.137829
-0.636674
0.993761
4.299181
-2.290926
3.107036
1.742500
2.638486
-1.143122
0.985135
-0.903413
1.667599
0.426095
-0.196138
-0.872514
0.147820
-1.702279
-1.054644
4.462823
0.833564
-1.534358
1.476627
-0.063273
0.036763
1.022801
-1.243272
0.208312
0.639166
-1.638268
0.280821
2.023203
2.120136
-0.083701
0.602756
-0.628173
0.308307
-0.789654
2.643170
1.451180
0.175778
-0.172028
2.295197
1.159666
0.033125
1.779641
0.302258
0.571295
0.090995
-1.274257
1.051384
2.590581
-0.190889
3.079935
2.050082
0.153657
-1.604875
3.084049
1.567510
-0.841854
-0.905275
1.913840
-0.658775
0.855880
0.881945
2.303967
0.633243
-1.043113
0.099318
2.500601
-3.522137
-1.438329
0.476025
-0.526186
2.062849
-0.608963
-0.063817
1.012244
-0.422649
1.945240
0.528797
-2.434802
1.998048
0.419735
3.398513
1.415404
2.475422
2.513847
0.617866
-0.346151
0.106951
1.253339
1.712874
0.952917
-0.293728
-0.407888
0.746329
-0.928353
1.825458
0.995046
0.871428
0.458662
0.854647
2.335941
-0.999563
1.354963
0.077758
-0.946516
-1.466164
-0.665401
-0.853704
2.163094
0.951860
0.788860
0.089651
-1.464559
0.826020
0.990316
0.473899
-3.457213
1.713181
2.383206
1.619545
2.537506
0.667335
2.236292
0.763471
-0.416569
-1.721922
2.161044
1.595414
0.882507
-0.426529
1.432618
2.426602
1.631585
0.014024
3.090411
-2.100420
-0.553838
2.191649
-1.982200
-0.077997
-3.204704
2.361034
-0.535605
0.256965
2.664308
2.109397
1.658583
0.723239
0.345471
1.719401
0.204206
0.232887
5.140606
2.119946
3.309719
2.153828
2.413044
0.867432
1.601516
-1.974959
1.261219
3.660215
-0.592203
1.120908
2.439379
-3.411012
-0.677351
0.416914
0.029858
2.830935
2.293085
-0.192618
0.537660
0.883221
1.188858
1.244448
-0.254068
-1.086784
0.487932
-0.100323
-0.674213
-0.874643
3.066942
0.802157
-0.208751
0.728357
-0.478431
2.448903
1.737046
-2.953638
-0.577271
2.657488
-0.662517
-1.157004
-0.695072
1.579305
-1.423654
1.229121
0.806472
-0.216431
0.493486
0.522881
0.761978
-0.835868
4.006651
-0.971326
2.250922
0.645459
0.570560
2.427152
-1.070019
-0.093737
0.740115
0.751547
0.470039
1.653001
0.177092
-1.104246
0.035712
-1.143302
0.633057
0.496791
-0.407524
2.380509
0.970739
1.486716
1.564201
0.074495
-0.263031
-0.154880
2.470879
2.649468
-1.789868
2.157472
0.145187
1.869294
2.255140
2.949170
0.367801
1.152524
1.120905
2.333479
-1.193431
-0.260049
-2.371986
-0.091890
0.370150
-1.236852
-0.462485
-1.200142
0.792901
0.334874
2.424645
-2.587097
-0.091507
-0.598183
2.220129
3.883325
1.969296
2.025385
1.384123
0.518420
-0.231869
1.070737
2.721379
-0.054488
1.340493
-0.789134
2.288510
-1.238106
0.549810
0.667560
1.895801
0.776050
-1.624396
1.017688
-2.630072
1.439694
0.897472
0.503553
0.443299
-0.017430
-2.043180
1.981390
-2.321834
-2.202973
0.776098
0.983367
1.293641
0.601593
2.790257
-1.833892
1.084365
-2.812179
-0.778158
3.304702
-0.040742
0.015196
0.623322
0.112878
2.351277
2.465566
1.068101
0.929423
0.305863
-0.134860
0.804537
0.102624
1.091905
-1.155049
0.971316
-3.668537
-0.233653
0.825874
0.851970
-0.051050
2.472554
0.935142
0.901012
0.542457
1.082150
0.293706
1.234062
0.759705
-0.410785
0.917184
0.208122
0.194065
0.665078
1.492709
1.772569
1.890909
1.909634
4.070964
-0.172881
2.738715
3.459619
-0.330449
1.978145
-1.477111
-0.705253
-0.047776
1.719839
-0.272464
0.363673
0.161306
-0.180604
1.637581
0.867475
-2.520494
2.196696
1.844948
-0.791894
1.816197
-2.181885
-1.855654
2.393162
5.371375
2.973856
0.890213
0.164702
-0.101430
-0.369636
0.896913
0.202607
-2.496658
0.468866
0.958858
2.320717
-0.149030
-1.899954
-1.655687
0.352010
1.443255
3.197631
3.676942
-0.152190
2.528349
1.070080
-0.500787
-0.907997
0.680734
0.062842
-0.000290
-1.032352
0.149439
-1.878611
1.826964
-0.971482
-3.152310
1.449491
2.361927
1.912279
-2.654468
0.241127
6.164699
1.556067
1.440854
0.840312
0.162371
-0.998626
-0.048587
0.289075
3.356248
-0.704465
2.357757
2.570822
0.756919
1.539899
1.276738
-2.160930
2.318515
-0.410237
0.354029
2.329143
1.801713
1.216076
1.286058
-1.000863
-1.323863
1.973084
1.295987
2.863929
-0.751890
-0.621802
-1.367196
-1.350816
0.667899
1.579658
1.229844
2.269039
0.842646
1.208522
0.270805
1.335536
1.121289
0.706401
-1.172155
0.889743
0.046481
-0.763145
1.162436
0.468190
-0.635702
3.094888
2.063174
-0.413488
3.382948
0.621864
3.163410
-2.034050
1.191879
1.856218
1.394270
0.617663
-0.837318
0.617350
-2.194424
3.188952
-0.904489
0.821830
-1.109566
-1.277108
0.587596
1.727668
-0.981987
2.038030
1.804518
-0.761337
-2.141164
-0.013508
2.749242
0.493263
-0.094742
-0.794215
1.674814
1.587342
-0.963388
-0.233567
0.166705
2.292506
-0.537944
-0.338705
-0.344868
1.720323
0.642037
0.779895
0.371165
1.577810
1.295001
0.088518
-0.174441
-0.110328
3.147712
-2.232115
0.070056
0.304427
1.520635
1.277734
1.449162
1.315906
0.111261
3.235572
-1.075336
-0.360767
-0.629754
0.115798
-0.017058
2.900344
-0.509121
-1.766917
3.399276
-0.902555
1.103982
3.020272
0.312196
-0.485334
1.066782
-0.586427
-1.954255
-1.190199
0.623450
-1.069498
-0.048354
1.181084
-0.031961
0.535403
-1.030848
-1.501170
1.119410
-0.826334
3.492021
-1.364020
-1.295285
0.582333
-1.110853
2.153062
1.800696
-0.945773
2.426077
-0.217559
1.864461
-2.422319
-1.026598
0.392647
0.589564
1.955395
-2.255360
-0.679973
-0.447319
1.958866
1.359078
1.994559
1.629684
1.087105
2.215566
2.641834
-1.574868
-0.799262
-0.311913
0.884563
-2.381219
-0.346390
1.802921
1.840658
1.512176
1.700691
2.520028
0.161731
-0.005768
-1.194420
1.374299
1.154530
-0.201779
0.935218
-1.242394
2.822082
2.462302
1.428216
-0.694213
1.409708
-2.948829
0.687178
1.710953
2.087972
-0.907456
-2.561098
-0.172471
-1.926353
-1.641242
-0.472816
1.756835
-2.542046
-0.513947
-0.839383
1.738459
-0.122359
0.766430
0.521073
3.184518
0.760527
0.050371
0.599109
1.144363
0.377786
-0.095257
0.814122
-0.197641
-1.814104
2.052924
-0.110065
0.069294
2.891977
0.073550
0.255141
-1.807505
-0.161107
1.492729
0.706692
-2.136070
1.693937
-2.228833
0.570986
1.466345
3.219364
-2.231675
0.280924
-0.710379
-0.107624
-0.499468
0.659669
-2.576720
0.534634
1.334828
0.605575
2.419131
2.035672
-0.211612
0.144577
-0.564632
-0.637239
2.875823
-0.504460
0.425757
0.995925
2.488376
0.055480
0.272064
0.755204
0.079793
1.622516
0.476580
-1.312171
3.084983
-1.252874
1.475195
0.842018
-0.580626
1.662972
-0.560585
-0.201977
-0.197728
2.006202
-1.202551
0.696434
2.436887
-1.719323
1.414156
0.549716
-0.175967
-0.648778
0.436040
0.700082
-0.249626
0.057041
3.090036
0.836637
-0.661806
0.569054
2.189764
1.032541
2.646302
-1.441468
0.736236
1.580400
2.656334
0.975559
1.773242
1.703421
-0.254448
0.981055
-0.655243
-1.892655
1.284711
-0.774756
2.349739
1.201210
1.179069
2.194375
0.178102
1.649340
1.482587
-0.309752
0.885348
-0.381876
0.040128
-0.804144
1.489121
-1.112081
1.806667
-1.759985
1.937486
-0.408034
3.451045
-0.517095
1.160640
0.449460
-0.051704
0.693269
1.372683
0.915212
-0.413628
0.009121
-2.255256
-0.336730
-0.382514
1.335669
0.806075
-0.335755
-0.251682
-1.351473
0.573840
2.103821
1.385091
0.201278
-1.847489
1.015868
0.129765
2.748941
-2.561875
2.071268
-0.658078
2.396757
2.327526
0.033030
-0.081333
0.059085
1.544899
0.480206
2.732223
1.168100
0.880604
-0.050027
-0.770806
3.765200
-1.488109
-0.744352
1.611550
0.591742
1.056380
-0.341705
2.128041
2.107174
-1.720506
-0.451928
-3.110165
0.238795
2.423221
2.219234
2.456513
0.478312
-4.393971
1.493762
0.767534
0.900596
0.218380
-0.039737
1.412758
-0.477295
2.979987
0.328281
-0.786961
-1.006895
-0.263258
3.538095
-0.394919
-1.395786
-0.153180
0.840289
2.756535
-1.250502
0.984165
-0.423191
0.560192
-0.774768
-0.259456
1.066754
0.470148
-0.689342
0.657742
0.446441
2.049732
-0.317532
1.938891
2.957792
2.246246
2.367233
1.623076
2.854809
1.795152
-2.959484
0.656310
1.390235
-2.107651
0.557329
0.868706
2.739656
2.055064
-1.133738
0.677991
0.608838
4.183317
-1.314862
0.870291
0.620401
-0.022305
-0.534743
-0.971980
3.128856
1.446082
-0.551090
1.465287
-0.223368
-1.308930
-0.177598
1.757615
2.262147
-1.268197
-0.491580
-1.043688
0.219599
0.494702
2.157188
2.594953
0.000762
0.201099
0.747297
1.591480
-1.721188
1.703621
0.524954
1.975988
-0.345083
-1.864147
2.380508
1.058769
2.376506
3.180336
1.233520
1.668931
-3.554875
0.487530
-2.107074
1.848927
-1.347773
-0.696103
-1.202593
-0.314040
0.250575
2.742935
0.308415
-0.091527
-1.115424
-0.679812
2.334416
-1.651855
-1.244353
0.450169
2.476569
-0.734650
0.981833
2.906456
-0.523744
-0.214948
-2.181029
-2.706663
0.757184
2.647828
0.133725
0.190505
1.502295
0.981043
2.233717
-0.367629
0.180453
-0.486901
1.763447
0.884782
-0.475555
2.358385
0.402874
0.299058
0.130771
-1.853363
4.279532
0.438376
-0.277174
-0.129681
-2.260929
2.157586
-0.219466
-0.982711
1.231889
0.625074
0.868680
-3.223587
-1.239510
4.066056
2.464903
-0.722252
1.482911
0.184484
0.407371
-1.410709
0.105906
-0.274121
0.190603
-0.385439
-0.776862
0.224704
-0.846145
0.487051
-0.518623
0.638214
-0.513920
1.554417
0.828085
-0.322778
1.792699
0.178255
-1.829660
-0.796187
2.386618
1.792970
-1.342610
1.649851
3.589631
1.096112
0.630590
-0.270169
0.430933
-1.634342
-1.541521
1.030754
-0.047114
0.740445
-0.857138
2.199811
1.201938
0.628183
1.176769
-0.271737
2.191003
1.045170
0.496325
1.602890
1.191283
2.514594
-0.752359
1.327149
-0.461621
2.097935
-1.677702
-1.418679
0.339551
-0.007962
1.249829
-1.485908
0.836131
0.040012
1.605453
-0.878538
2.234055
-0.334161
-0.932581
1.683182
0.872546
0.927898
0.877474
0.908158
-0.668525
1.838081
-3.124598
-1.644455
1.876405
-0.328479
-1.576752
0.859579
3.584938
-0.483132
0.405545
1.136779
0.052914
0.549765
0.020815
-0.264029
-1.053076
-0.923453
-0.192728
3.057611
0.963967
-0.258515
3.404263
0.046476
-0.365690
1.381259
2.165607
-0.390353
-1.077369
1.492028
2.341018
0.902737
0.579551
1.884456
-2.077919
1.368030
-0.348775
1.815289
1.025533
-0.749788
1.550614
2.502312
0.787753
-0.062362
1.678864
0.113149
-0.290862
-0.714672
2.063411
-0.464953
3.041725
2.401388
1.932167
-0.117438
0.245807
0.210076
-0.344743
0.379887
1.369674
-2.355412
0.863591
1.128541
-0.495482
-0.948657
0.487419
0.656781
-0.787625
1.741979
-0.640426
-0.944680
-0.045516
-0.494597
1.153382
2.912050
0.081496
1.002564
0.973157
-2.280356
1.170348
1.693668
-1.486847
1.957859
-1.183053
-1.432528
2.066807
1.881694
0.843162
2.030188
0.433067
-0.446463
-1.109155
-1.260545
2.086380
0.907373
0.713295
0.804012
2.195391
0.297042
-0.194955
0.965641
0.150397
2.159438
1.985461
2.209746
-1.145625
-0.215933
-0.709944
-0.343130
1.522662
2.078503
-2.345282
1.132637
2.725933
-0.943584
2.159226
1.143660
-1.373937
2.822437
-0.761549
3.414748
-0.304082
2.443258
2.218850
-0.410222
-0.939714
0.275619
-0.462724
2.396607
0.127524
0.299767
-0.294554
0.487011
3.881507
-1.287199
-1.307030
0.843364
-1.215648
1.036497
0.826415
1.208420
1.279261
0.497917
0.846676
0.382150
-0.579204
-2.244940
1.279195
0.832267
-1.024919
0.436505
1.285443
2.020914
2.519376
-1.164552
2.663748
-0.402918
2.352061
-0.455741
-0.419082
-1.083379
-0.984363
0.975111
-0.274246
3.947626
-0.212732
0.135646
-0.075379
-0.930454
-2.842141
0.296295
1.854855
0.929621
1.828731
1.101723
-0.323409
2.655292
-1.635947
-1.097960
1.008803
-2.463866
-1.941527
1.753235
-0.369754
-0.212939
1.213198
1.058585
0.498303
-2.240416
1.616659
0.998380
1.473156
2.958555
-2.429403
-0.714193
2.304097
-0.683057
-0.242242
1.096184
1.811853
3.071544
1.374909
0.634580
0.689404
1.738874
2.801402
4.123022
0.282461
-1.295302
2.278188
-0.905724
-1.715985
1.080943
1.363947
2.870913
-2.914570
0.229296
-0.474677
-0.057688
2.424897
-0.715123
-1.593068
1.841121
3.357742
-1.245373
-0.117145
3.517112
0.689430
-0.354763
1.281548
0.432705
-0.038986
-0.395207
1.297805
-0.920953
1.285376
0.350162
-0.713596
1.241720
0.890291
1.271699
1.253478
0.564749
0.300434
-1.038265
0.980818
2.542595
0.006341
-2.069988
2.266375
3.620679
1.529656
0.175456
2.010374
1.745585
-0.147003
1.558426
2.122720
2.392402
2.744744
1.326688
3.015178
2.078450
-1.512799
0.206630
2.114751
-0.807596
-1.358472
-2.947102
-0.396159
1.585571
2.362842
0.920846
1.417583
-1.907077
-1.155031
0.373421
0.393986
0.405056
1.620774
2.230159
0.849518
-1.361803
0.729472
-2.087900
4.417181
-1.092468
-0.611429
0.336238
-1.324543
2.178223
0.622529
1.694559
0.113507
-1.633597
1.994893
1.525644
0.805658
1.608907
1.055059
0.397887
0.562431
1.183940
-0.185103
3.202945
2.971195
-2.112901
-1.753169
1.904375
0.718846
-0.042365
0.060308
-0.772407
1.222664
-0.678450
1.049258
0.182875
-0.968232
-1.589036
2.915192
-0.273690
1.992373
2.399824
-3.146359
2.110608
2.044335
0.836618
-0.041054
2.306944
2.813080
3.826538
-0.360318
-0.584403
1.218463
1.179360
-0.611930
1.013149
0.455508
3.611009
0.861106
4.326967
2.712081
-0.190972
0.704351
-0.319304
-1.119205
2.067123
1.904101
0.741320
1.864222
1.092329
2.171013
0.483722
0.054329
2.209629
-1.631859
-0.698068
1.243300
-2.939306
0.474269
-0.823211
-1.460039
0.289139
1.298307
0.774987
-0.169360
4.100074
0.180474
2.851825
1.222127
1.316664
-1.910204
0.179107
-1.788219
1.144270
0.788510
-0.588144
-0.553124
0.220728
2.419320
0.914411
2.298261
1.252965
1.689659
1.449927
-0.127815
1.565567
1.485325
-1.365907
-0.476288
-1.271090
3.044081
0.691319
0.322187
-0.259426
1.999645
2.098382
-0.325469
0.154970
-1.476279
0.408776
0.827749
2.950731
1.260703
1.387683
1.250989
-2.625423
4.930682
0.605225
0.823960
-0.607390
2.297531
-1.570688
0.932023
0.012893
-0.191722
0.793785
-0.024281
0.222051
3.870463
0.251353
2.861141
1.114623
1.459328
0.839406
-2.407143
-1.127682
0.422793
0.926366
3.302451
1.218138
0.440575
0.537730
1.286890
-0.100882
-0.492673
1.292325
-0.285089
-0.256504
1.341225
1.045088
3.330752
-1.631474
-1.020627
-0.296592
0.382935
2.384178
2.885238
-0.470875
0.083813
2.275292
0.212588
-0.569870
-0.765634
3.791613
2.906362
1.532661
0.451476
0.766811
0.949136
-0.125628
-0.541125
3.257614
-0.302192
1.024025
0.166826
-0.477337
1.348089
2.314972
0.241806
-0.698880
2.705945
0.682921
-0.685249
0.794173
0.235627
-0.753453
1.715788
-0.012683
-1.596998
-2.257969
1.923382
-1.446191
1.232865
2.124803
0.521997
3.577148
-0.898262
-0.176071
1.253702
-2.715742
1.305956
2.624868
-0.479214
-0.195827
2.341702
1.003129
0.826232
0.155273
0.284050
0.227948
0.665536
1.136061
0.637892
0.598235
0.224713
-0.125544
4.023061
-0.577815
-0.470984
0.466015
3.187154
-0.692372
-1.728400
-1.735406
0.419463
-0.146269
0.184391
1.984214
0.448795
0.992789
2.565576
-0.778940
-1.512672
0.509995
2.919733
-1.200754
-1.373664
0.128485
-1.469125
2.585826
-0.632541
-1.331702
2.607885
0.277240
-1.973129
-0.649513
-2.131749
-2.665484
1.175830
-1.123848
-0.332658
1.539745
1.720604
3.279073
-0.084460
-0.672470
0.784696
0.736346
-1.134510
3.838369
0.233237
1.438320
-2.316012
-2.822524
0.364807
0.266416
0.273134
0.246748
2.011883
-0.855326
0.341490
-0.317758
0.501547
0.929671
1.423196
0.908557
-0.141763
-0.717362
1.899139
-2.173973
0.563152
0.298737
0.123911
0.910058
1.130188
2.129396
0.897398
-2.466870
-1.763290
-0.061804
0.522340
2.169665
0.872755
0.119937
2.818309
1.340316
1.091785
-0.216079
-0.478828
1.827320
2.338683
0.469555
-0.589794
-0.492216
2.497885
-2.130969
-1.565115
-2.081764
0.905598
0.673612
2.911708
1.037320
0.336476
3.498182
-2.648782
1.009921
1.974297
-1.645441
0.792114
0.262450
1.500860
4.097244
2.042542
0.016709
0.961344
0.176331
0.247035
-0.170365
2.398432
-0.156026
-1.145271
-2.095185
2.361519
1.733555
0.834801
-1.262412
1.668121
0.893920
4.243871
1.590364
0.755861
2.796262
-3.011687
-0.606116
-2.905768
0.468029
-0.537334
2.003928
1.238144
1.440716
0.283070
0.573518
0.668246
1.150651
1.152861
-0.408861
-0.708110
-0.904014
1.664881
-2.148134
-0.031046
-0.973584
2.861918
-0.802215
1.808200
1.107585
0.794205
-0.242893
-0.338117
2.144721
2.811373
2.652906
-2.306206
-0.874322
0.088136
-0.806835
1.759768
1.383115
0.024789
0.873526
2.004454
2.090517
1.964640
-0.020532
-0.551609
1.326405
0.238920
-0.043920
1.065293
0.382149
-1.689685
2.103285
0.888585
-0.576930
1.401260
1.980185
1.526955
2.377843
0.212972
1.985924
1.809409
0.628721
3.417040
2.894249
4.001335
0.798863
-2.137600
0.905231
1.856326
-0.451773
1.626610
4.080548
-1.769375
-1.182137
0.977610
2.924213
0.671964
1.625001
-1.191181
-1.207679
1.619363
-0.294268
1.820894
0.206102
0.008229
-0.054246
0.705482
1.625732
1.157514
-1.724864
0.421871
-0.815607
1.457173
-0.235995
-0.076746
1.080866
1.833765
-0.078717
2.161513
0.304621
-1.887723
2.028532
-0.520644
0.503148
0.153050
-0.612067
1.669608
-0.359933
0.704708
-0.308907
0.070946
0.483566
-0.377952
4.426853
2.885690
-0.318815
-0.267313
1.629406
0.193721
-0.397463
-0.083651
-1.286713
1.605189
0.074471
-0.953286
-0.277770
-0.871926
1.108231
0.673227
-1.433389
2.052225
-0.468128
0.143623
-0.404485
0.709575
-1.506992
2.347539
1.574984
2.280881
0.558511
1.462552
-0.865928
0.333064
-0.088017
1.833698
-0.177631
-1.810878
0.104076
0.199823
-0.601005
3.476668
1.106464
-1.200246
-0.444074
0.485917
0.218566
2.674336
-0.333445
0.004724
1.887245
0.394049
1.605634
0.479337
0.448230
-1.033198
1.355128
-3.936579
-1.192737
-0.618324
-0.576578
-0.901079
1.073527
-1.188641
-1.867666
0.178321
0.712302
-0.605553
-0.182609
-0.307122
3.082766
-1.667988
2.092965
-0.874637
2.085581
1.728751
1.174312
0.388590
-0.997457
1.358804
-1.704713
2.767669
-0.070757
0.028365
0.427421
-0.506514
-1.195580
-0.613641
1.863749
1.221702
-2.143191
-1.050397
0.894965
0.663251
-0.906384
-1.719109
1.691899
1.448781
-2.000505
1.574947
-1.558976
-0.321197
1.449228
0.828108
-0.732620
3.936135
1.453503
-1.117904
0.483069
0.799307
2.046647
-0.358286
-0.639388
1.497886
0.659990
-1.050719
-2.023246
-2.493274
1.056726
-2.743472
0.106725
1.743393
1.124298
1.148444
-0.039071
1.817911
1.581828
0.493158
-0.335836
-0.931308
0.372772
1.189183
-0.966633
1.132205
2.657844
-1.590843
0.708058
3.527773
-0.382113
0.619406
0.895342
2.106525
-0.924402
2.807354
0.401396
1.270272
0.764283
0.221413
-0.498331
0.924550
2.493852
2.920870
-0.614502
0.832744
3.427650
0.394004
1.760232
1.344796
-0.730601
-2.327432
2.116429
3.280953
2.496041
-0.631744
-2.221906
2.243589
0.455227
0.617054
2.504581
-1.263446
1.135614
0.448469
1.525878
-2.690120
1.726486
0.342695
-0.088840
2.656801
1.153851
0.183601
-0.587925
1.329742
-0.651462
-2.404377
0.106367
2.857604
1.886077
1.981163
-0.389930
-1.656688
-1.137650
-0.922463
1.915775
0.028919
0.856680
0.762644
2.314137
2.975194
1.553899
3.366722
0.298208
-0.366370
0.250760
-0.674714
-1.153892
2.629391
0.918714
-0.826931
2.344465
1.877292
1.386499
1.124701
-0.991058
-0.082815
-1.140910
-1.522812
1.859076
-0.519705
1.068723
0.628141
-2.196764
-1.130974
-0.357458
0.066244
1.177910
-0.694026
1.458215
0.632018
-0.703304
-1.131661
-3.114618
1.357138
2.711655
0.039131
-0.140221
1.205920
-1.939340
0.466256
-0.879967
1.650431
0.594220
1.009658
0.820224
1.205499
0.527832
-0.218154
1.022335
0.028066
1.402494
2.133568
0.637527
1.939073
3.017338
-2.390286
-0.035077
-0.662711
-3.049487
0.102852
1.918349
0.886011
-0.950969
-2.377140
1.534819
1.009788
1.813342
-2.464999
0.012977
-0.237923
-2.107822
-1.366248
-1.269615
1.095958
1.475306
0.348078
0.563447
-0.184516
1.452767
-2.296812
1.600474
2.057649
1.653579
1.509719
-0.496565
2.123092
-0.116511
-0.924301
-0.208529
-1.867043
-0.816186
1.648537
1.437458
-0.519168
-0.541625
0.965628
0.058910
0.666014
-1.103377
-0.592833
0.826543
1.113680
-0.088283
0.709802
-0.013294
-0.336536
1.649784
1.041003
1.124463
-0.490491
-1.805128
0.881388
-1.179570
3.537624
-0.384511
-0.048801
-0.421313
-1.364351
1.390873
1.051419
1.301303
2.288010
0.800451
-1.588950
1.492317
0.662443
0.108134
1.565803
0.315739
0.779265
3.280972
-0.351062
1.535267
1.888111
-1.014940
0.640253
1.280372
0.192344
0.548535
1.433468
0.830177
2.386487
0.809700
-1.583366
2.233641
-1.398606
0.467714
3.270051
-0.144251
2.518944
-0.087308
-1.006412
0.576496
-0.034068
0.720893
0.911003
1.270347
1.793108
1.353533
1.644281
0.101110
0.408193
-1.475584
0.148927
3.630994
1.147440
4.469518
3.862024
0.195129
0.636249
0.187464
1.575582
-1.128631
-0.453318
1.302097
2.634036
2.227851
0.054353
1.866382
-0.635197
0.515122
0.417783
1.783578
0.820544
2.361476
0.724781
1.829017
2.171414
0.146576
2.683006
-0.577142
0.846238
1.856663
1.350326
1.643192
1.255601
1.395411
3.739428
-0.117265
-1.925092
-0.036995
0.810421
1.660826
2.162797
1.641436
-1.492733
-0.490757
-0.300687
0.738432
-0.394341
1.105612
-0.997900
1.625282
0.930802
0.495691
2.768996
0.195114
0.659953
0.351208
1.759229
0.439312
-0.830536
3.080339
0.472255
0.805865
-0.831589
3.632786
-0.475987
1.073094
0.888730
0.106329
-0.421523
1.479350
0.295217
1.001785
-1.871939
1.499475
-2.210158
-0.953133
1.229121
-0.941221
1.129732
2.165009
2.953686
1.385925
0.113674
-1.709875
-0.045931
-1.344251
1.808719
-0.165680
0.811711
1.346398
1.231247
0.487601
-1.549658
-0.685937
2.548003
0.975505
-0.096233
0.642203
-0.893648
4.321231
-1.810136
-1.275257
1.493650
0.335733
-1.864009
-0.600372
0.626613
2.737859
1.043436
-1.061469
2.330898
-0.025932
0.611450
0.137520
2.790240
1.714079
-0.380276
2.896668
-1.796366
1.237419
0.830286
-0.802507
4.044310
-2.154062
0.049195
1.890194
-0.495835
-0.785614
2.085166
-0.842333
-1.829799
-1.115377
1.766245
-1.045112
0.059359
1.751967
2.685488
0.819171
-0.753741
-0.543718
0.118781
1.034719
0.324595
2.993194
3.581609
-1.356127
1.561386
2.803929
-1.515835
-0.306976
1.321225
1.442979
-0.280723
-3.448954
-2.101330
2.943879
3.140937
-1.493810
-1.259206
-0.264424
-1.628354
-0.152939
0.445773
0.571396
-1.436482
0.624201
1.708290
-0.423549
2.344843
2.131498
-0.934583
-0.445608
0.878337
0.229373
1.576888
1.366592
0.454075
1.580169
0.065721
0.616028
1.991582
1.199106
1.548391
2.003308
1.232250
1.448944
1.544157
0.273955
0.879989
-1.124988
1.076745
2.003361
0.317337
0.341938
1.294133
2.030488
-2.540949
2.927744
2.315874
1.115380
-1.710032
3.373783
-0.224832
-0.428360
0.576108
-1.572711
4.561908
3.367488
-0.577742
0.296790
-0.225826
-0.144973
5.105488
-1.091046
-0.863309
-0.436828
0.915490
1.385977
1.949385
-1.852397
2.323946
-0.297405
4.116153
0.309324
0.618007
0.378362
1.118133
1.332499
0.112168
0.348387
0.339164
-0.695380
0.896471
0.373956
0.450639
-2.047320
-0.173167
-0.831874
-1.210748
1.570221
-0.569572
1.042931
2.435760
-0.365817
0.308286
-3.238335
-0.195245
1.192263
1.905897
-1.540830
0.918431
-0.501970
-1.501717
-0.002131
1.236164
0.437985
0.579964
0.693494
0.894653
-1.385876
0.310050
-0.843656
2.292140
2.085723
-1.601962
-0.871527
1.334345
3.074500
-0.087908
-1.654199
-0.793172
-1.302512
0.583934
0.235362
0.392061
-1.164295
-1.514475
-0.206751
-1.553747
-0.210709
-1.154005
0.130005
-1.163092
2.503235
-1.059432
-0.820953
0.906118
2.308363
-1.267173
1.411015
0.519004
0.652052
1.537446
1.547809
0.744285
-0.519575
0.906357
2.539823
-1.060009
2.041867
3.943270
0.663939
-0.280891
-1.735786
0.437142
1.224414
1.238352
0.580012
0.976823
-2.019975
-0.305572
-0.436081
-0.548756
-1.410918
-0.359036
0.243390
1.228763
0.977089
2.941548
0.634931
1.469520
-0.656770
1.706387
-0.457273
-1.213410
-1.785384
1.033317
-0.335641
2.350101
0.227469
0.360279
-1.820234
1.833826
-1.072791
-0.078428
-1.505996
-1.436406
-0.296635
0.222104
0.501557
-0.211006
-1.702114
1.408557
-1.127747
-1.206261
-0.411892
-1.915593
-0.681799
-2.549632
0.137081
2.165239
1.066938
-0.322884
0.516848
-0.138386
1.290114
-3.002858
0.686409
-0.567240
0.708053
-1.068198
-1.078831
-1.656578
-0.424657
-0.180300
2.003384
2.246033
0.646507
4.441990
0.791857
-1.339100
1.068108
0.466179
-0.322332
-4.541909
-0.686817
2.915702
-1.288787
1.550236
-0.588780
-1.448240
-0.259104
1.926326
2.529774
-0.692364
-0.069151
0.256775
1.988399
-1.407430
2.664069
-0.492374
-0.812310
2.307800
-0.316933
2.334359
3.570643
0.105374
-2.728868
0.545604
3.204715
-2.106222
1.279759
1.822615
0.203552
-0.777557
0.689277
1.677322
-2.737680
0.387485
1.993326
-1.116915
1.271262
-1.805941
0.988087
1.366944
-0.866608
-0.890479
-1.242936
0.725062
-1.453548
-1.496942
-1.143354
-1.307254
1.201971
1.390792
-0.010470
0.709681
1.142753
-2.146531
0.101658
2.325657
-0.907289
1.525678
2.062708
0.324007
2.474632
0.227092
0.250731
0.782022
1.519769
-0.717272
-0.233773
0.255206
-1.177018
-1.702208
2.662541
1.015446
3.962128
-0.124860
1.951307
2.039715
1.231301
1.095931
0.315794
2.276554
-2.064766
1.461606
0.526067
0.490295
-1.048807
1.193300
1.974330
-0.469962
2.033631
1.490074
0.137802
2.080505
3.773492
2.611839
2.613715
1.518978
-1.086302
3.387933
0.575279
2.182067
1.414502
1.855556
-0.254601
2.468811
2.027713
2.934442
-1.240844
-0.602130
-2.614172
-0.096991
-0.586104
0.816636
3.549697
-0.164465
-1.267753
0.639058
-1.749754
0.541893
0.897171
0.555049
4.765811
-0.067738
-1.972575
0.572235
-1.649198
2.370965
-0.439072
0.628178
0.026260
0.048531
0.983532
0.876389
2.851490
0.587594
-0.567122
1.108073
0.419456
2.104367
2.882344
1.540936
-2.095450
-2.533534
0.120983
0.776770
-0.923644
1.471538
-0.438627
-2.451648
2.811294
1.481815
-0.345910
-1.690382
-1.176184
-1.495003
2.566479
0.503455
-1.248690
1.027683
2.657613
-1.306508
-0.780301
1.704483
-0.178145
1.436349
0.290014
0.135939
1.279276
0.903199
0.268914
0.686772
0.540742
-0.058302
-2.529592
-1.423752
0.532629
0.347230
-0.498679
2.282031
-2.480910
1.917501
0.865481
0.383019
0.668786
1.580974
1.096391
1.512868
3.283448
1.292499
1.435601
1.778248
0.406653
1.260943
0.119703
0.532151
-0.604690
0.186130
1.469565
1.553898
4.007901
1.547821
1.138937
-0.057695
1.317337
-0.094724
1.510488
-0.072845
-1.473720
0.701474
3.227418
0.847814
-1.337967
2.146844
1.816421
2.608687
-0.566662
-0.616601
-3.748579
1.777298
1.700980
0.662710
0.322159
-1.158185
2.351371
-0.744795
-1.427063
2.931864
3.246261
2.546693
-0.399352
1.238464
-2.343129
-1.349575
-0.553634
2.674865
0.236240
2.573392
0.857888
0.076472
-1.984604
0.434201
0.418429
-0.189042
3.750334
0.802026
-1.113136
0.696485
0.146478
1.419727
0.020262
0.449762
2.004278
0.041019
1.741701
0.057494
2.234398
0.089677
1.130343
-0.355612
-0.971516
-0.711065
0.790978
-1.695071
1.665181
-3.947343
0.558919
2.627565
-3.370476
-1.315416
-0.645786
2.195883
0.648990
-1.475795
-0.749155
-1.300116
1.130365
-0.862188
2.177082
-0.492153
1.633902
-0.611415
-0.249046
0.380112
-3.389241
0.538292
2.676044
1.401621
2.910934
-0.928620
-2.777011
-0.519301
0.381328
4.427749
-1.256625
0.259952
-0.584362
3.410169
0.041790
0.284300
1.481028
-1.749851
0.906645
-0.027726
1.826312
-1.728398
-0.294474
2.078099
0.669657
2.702138
1.173171
-2.323375
0.475757
0.516062
-0.871965
0.844519
1.077381
0.307644
-1.078467
0.345750
1.681060
-0.444495
-0.442876
-0.119042
1.657519
0.083696
-1.807796
1.250363
0.218662
0.132268
-1.618447
1.218193
-1.425894
1.830363
-0.263936
1.413060
1.406000
0.260160
0.295183
2.397376
-0.679758
1.972649
-2.055786
1.720755
-3.082092
1.522947
0.680313
-1.725680
0.325603
0.403014
0.379234
0.245746
-2.000614
0.895831
-0.569831
1.328113
0.370206
0.363231
0.052117
0.390151
0.247126
-0.660163
1.654993
1.276193
1.169206
2.483467
-0.180195
1.111838
0.067700
0.283830
-0.157869
-1.801342
-0.494359
-0.387758
-0.678253
-2.666874
-0.467636
-3.322603
2.655136
0.358511
3.150697
1.566342
0.533654
1.126811
1.772340
-0.389081
1.983242
0.823060
2.181907
0.645095
0.123222
0.301964
0.524267
1.307386
0.229343
0.428875
1.491343
-0.253374
-0.678758
2.149149
0.105343
0.993949
1.077751
-0.739652
-0.472309
2.698791
0.490535
-0.400190
1.175598
-2.158540
-0.191278
-2.084344
1.828397
1.997060
3.318093
-0.182798
1.037282
-0.167532
2.784198
-1.874424
2.833456
0.209248
-2.966500
1.082459
3.443183
2.171362
0.737990
-0.052566
2.646147
0.337755
0.654558
-0.539227
-0.473347
-0.639677
-2.884885
3.914955
0.070439
-1.069754
1.659507
-1.831616
-0.999675
-0.923194
-0.066370
-3.315418
0.830060
-2.059175
-0.647181
0.046088
-0.240901
0.582718
1.134949
3.337172
2.690476
0.456325
1.976306
-1.059183
2.357143
0.689046
0.765387
-0.360352
2.377448
0.786268
-0.079528
2.695665
0.023035
-1.844381
0.913545
-0.000821
-0.951521
0.713958
1.261501
-0.633207
2.490031
2.083232
3.237087
-0.175346
-1.403059
2.478843
1.035053
2.189137
0.456864
-0.352928
-2.031539
3.734426
1.784799
-1.637634
3.659214
-1.701872
1.645535
-0.797594
0.042228
2.488965
2.412063
-1.380116
0.189923
1.758173
0.507406
0.221156
-1.021700
1.525463
-1.270346
1.045014
-1.677386
1.439307
1.711409
0.135071
1.003454
2.310568
0.999955
-0.284597
0.376632
-0.803108
0.882378
-1.735290
-2.376223
0.699585
0.657775
3.285751
2.212253
-1.008662
0.264390
0.570688
0.698351
2.985249
-1.211741
1.008789
-0.505313
1.381591
-0.061749
0.538289
-0.874689
-0.935297
-2.943254
1.256150
2.852263
-1.485849
1.043920
3.616897
-1.779563
1.162169
-0.146141
0.457766
0.845403
-1.378914
0.827503
0.770831
1.286406
-0.199883
1.948714
1.680881
0.881076
0.519604
-1.376918
0.782117
3.060050
1.793454
1.544015
0.987408
1.036668
-0.627708
2.102439
1.733632
-0.860318
1.601950
1.732928
-1.323617
0.094857
0.994271
0.594240
3.326864
2.171563
1.570438
2.374759
0.726874
1.863812
-0.387810
-1.852560
-2.198573
1.426529
2.531779
-2.861028
2.300083
2.420499
1.714916
1.597410
0.887724
1.551836
-1.492310
-2.043635
0.436717
-1.716560
-1.079430
-0.023382
2.114122
-3.061080
0.627693
2.173090
1.370807
-0.200132
-0.021430
2.447708
-2.538171
0.094435
2.082664
1.251297
-2.764690
1.571219
2.164675
0.144346
0.452062
2.826046
-1.383064
0.968187
1.280801
0.683310
0.918588
-0.508120
1.247247
-0.379108
-0.560767
1.554831
0.396571
0.478094
1.335310
4.094437
0.924330
-0.519472
-0.686052
3.073749
1.842959
1.040937
1.860991
-0.920215
2.232207
0.092693
0.228163
0.037200
0.382585
1.779054
-0.825177
-0.692646
-0.947585
2.174307
-1.274363
-1.688379
1.183726
-0.709947
1.960274
-2.108803
0.293330
-0.763758
2.714937
4.407805
0.796057
-0.576280
2.340688
3.023371
2.184349
1.537359
0.519902
0.952073
-1.110786
0.140651
-0.919748
2.471071
3.212557
0.140015
1.418374
1.226579
0.787560
-0.582516
1.709043
0.908540
0.526487
-1.405691
2.881981
0.998971
2.061396
-0.338056
0.844527
-1.772777
1.833239
0.768819
1.128022
0.305910
-0.557834
0.539202
0.493624
1.728574
1.045386
3.118575
0.095327
-2.082856
-0.174032
0.240931
0.198527
1.238158
1.449015
3.233109
1.300715
-0.173694
0.849940
1.126213
-1.086139
0.090823
-0.883009
3.313098
1.729004
-0.477968
0.582906
1.211658
3.308474
2.356257
-2.446661
1.688561
0.660334
2.386617
-0.410043
0.440934
2.399382
0.538991
0.397730
-0.593553
1.837237
0.260786
0.805724
0.505218
0.986338
2.045130
-0.288439
1.137842
-1.567120
0.199616
-0.750546
3.327274
-0.616497
2.215681
3.148778
-2.973334
1.049633
2.300648
-0.265792
-0.141031
-0.138132
-1.579672
2.472502
-2.095426
0.341530
0.421684
-1.184528
-1.362027
1.903187
-0.213234
2.450977
1.011693
0.090643
-1.290964
2.360791
-0.194018
2.021977
0.657960
0.103153
1.014314
-0.638586
-1.407001
2.461606
-0.883254
0.798306
-1.198239
0.112388
-1.757421
-0.742548
0.166675
0.783536
-0.202682
0.562302
-1.857346
3.762747
3.225453
-0.315959
0.014840
2.234013
0.946373
1.779854
-0.584033
3.359799
-0.640776
1.581197
1.623991
3.414532
4.488901
1.333764
2.615807
-1.225760
0.235801
0.681482
2.137227
-2.293904
-1.332612
3.158382
0.378485
-1.158437
1.561773
0.887611
1.866749
2.461017
-0.738133
2.156933
1.828244
-0.145179
-0.420070
-1.685139
3.928196
5.286262
0.317803
2.387701
1.864874
0.438345
1.217289
0.608912
2.065816
1.174684
-1.164378
0.190418
-0.969505
2.453531
0.629246
-1.775441
-1.105128
0.358372
2.628972
-0.592287
0.794361
-1.737705
2.069718
-2.682913
1.535980
-0.408423
0.893943
0.846147
-1.758682
2.095310
2.812968
-3.836462
2.797700
1.088513
-1.605912
-1.390175
0.281502
-0.673151
0.418096
1.380033
1.922792
-1.073444
-0.397603
-0.522591
-1.702242
-0.538453
-2.353917
2.190855
-0.468363
-1.766230
0.922940
2.543788
-0.849995
-0.465194
-0.991084
1.265861
0.436117
0.443101
3.348506
-1.071803
2.108993
-1.134453
-0.375704
-0.032364
-0.698270
1.542778
2.231193
-1.425167
1.459828
-1.710300
-0.851388
-0.103945
-0.853658
0.062620
0.824733
3.727488
0.935652
0.059868
1.158646
1.287838
-0.942966
1.329157
0.338543
-0.094790
0.128997
0.670784
1.156039
1.406934
0.138754
-1.447025
1.069426
1.635427
2.650126
1.901846
-1.782915
3.711164
-1.852303
0.572250
0.411156
0.245777
0.001328
-4.021334
1.740507
-0.278725
-2.020792
-1.651211
1.190051
2.428064
0.514249
0.513749
0.977982
-0.398580
1.444738
0.209367
1.727140
-0.219885
-0.233454
0.181494
-0.206893
-1.354788
-0.003846
0.951677
1.285230
-0.572534
1.148736
0.917128
-1.926966
-0.078201
1.773067
-0.668939
-1.028898
2.145123
0.013004
2.236635
-1.526089
-1.604884
-0.368753
-2.704745
-1.206666
1.604539
0.579648
-1.383520
0.294168
2.828462
-2.108600
3.041193
0.330453
0.010306
-2.645807
-0.423970
1.705384
1.858650
1.984381
2.247090
-0.933627
2.075632
-0.861750
0.474106
2.230226
-1.862871
0.660193
2.767904
-0.432142
-1.301318
0.848357
-0.044080
0.682648
-1.372326
-0.068074
-0.262216
-0.487276
-0.101909
-0.268636
4.148091
1.527329
-1.465926
-1.242684
-2.364151
-0.331191
0.115330
1.395766
1.966765
2.315642
1.557235
0.447482
0.814919
1.678284
2.288648
-0.335445
-1.399171
0.475350
2.142302
-0.574853
-0.364022
1.089412
0.883084
-0.327738
0.147955
-0.526055
-0.183707
0.433129
-0.274934
0.820183
-1.635541
-1.113074
5.663106
-0.199214
3.211125
3.585711
2.748916
0.960826
-1.212067
0.158657
1.948074
0.251673
-0.150737
1.935674
2.519575
2.397047
-0.987592
-1.342116
-0.454053
0.794829
-0.431865
0.434899
-1.143991
1.476386
-0.247941
0.960848
-0.086004
-1.123074
-0.153434
1.487223
0.688310
1.308815
0.248301
2.547189
0.514714
1.278062
-0.981676
0.827389
0.535755
-0.151471
0.484816
-2.846042
-0.151795
1.574903
2.641764
-0.066610
0.321979
3.143486
-3.222053
0.127202
1.607454
2.501975
1.611726
1.730627
2.096320
0.431905
-3.176968
1.323701
-0.093446
0.274745
-1.275662
1.993025
3.441668
2.096572
-1.092348
-1.607084
1.850687
0.590560
-3.411019
0.088387
3.082726
-0.242215
0.047953
2.309310
0.054266
2.342470
1.845436
1.993180
1.218589
-1.969634
-0.802395
1.787569
1.553362
1.281225
1.108465
-1.126656
1.085464
-1.660228
0.643217
-3.307901
1.978775
-1.652723
-0.194314
2.953802
-1.132754
1.509477
-2.067946
0.836442
0.788596
-0.433277
-1.129887
-2.550564
-1.552202
-0.187355
2.192792
1.102806
0.027135
1.384035
-1.619264
0.051353
-0.205173
0.663852
-1.501904
-0.825906
1.046406
-0.333349
1.335775
-0.354812
-0.457187
0.523799
-1.444836
-1.583080
1.648202
1.604084
0.254918
-2.010514
4.038658
1.966903
-1.211314
1.615399
1.961915
3.065922
0.291114
-0.678774
-0.974168
1.456073
-1.218055
-1.388507
3.793700
2.258448
-1.750682
-0.996419
-3.416746
-0.723240
-1.162638
-1.557607
0.564190
0.356517
1.409388
-0.194307
0.244563
1.711787
-0.583819
2.990260
1.608379
-1.196902
-0.926323
0.695821
0.617653
-0.327285
-1.625331
1.953164
2.507555
2.835127
1.320858
-0.025396
-0.933187
1.419747
1.071891
-0.245686
-0.222097
2.698881
1.457998
0.855627
0.158554
0.945372
2.513319
-0.432374
0.188688
1.051706
-0.282673
2.467468
1.249572
1.430092
1.934639
1.117254
3.550389
-0.110313
-1.327835
-0.707700
1.669224
2.879331
1.547779
-1.855744
0.790723
2.592932
1.811326
2.883280
0.892930
-2.848581
-0.094946
0.275018
0.252847
-1.234241
0.132897
-1.216886
-1.179402
0.035035
2.859533
1.164659
1.145060
-3.163381
-0.158427
-1.275296
0.025071
-0.766707
-1.868195
1.085327
1.190256
-0.526978
2.394986
1.033292
1.726889
1.787443
0.524318
2.688811
3.466017
-0.148865
0.387688
1.358314
-1.198916
2.346744
1.742862
2.009936
-0.730603
-0.327401
-0.516585
-2.259024
-1.351409
-1.565640
3.346289
0.556862
-1.468412
-0.831716
1.723789
0.405504
0.477395
-1.398770
-0.631850
1.457355
1.147278
-1.633325
2.875121
-1.342902
-0.913524
-2.135740
0.679484
2.000033
-0.542880
1.445950
-0.970869
1.245136
0.629239
0.243885
1.631419
0.552577
1.213062
1.218221
2.483952
-1.837088
-3.016955
3.353280
0.679963
1.308445
3.787383
0.732598
3.257459
0.423430
0.682199
1.025165
0.000574
-0.597386
0.425304
-1.799916
-0.593553
1.941215
3.031097
0.641719
1.135837
4.506604
-1.497578
-1.418952
0.430048
2.005135
0.518978
-1.371965
2.033786
0.349033
-1.568858
1.560586
0.564501
1.332317
3.866733
-0.487958
0.367957
-0.898603
2.684409
1.823257
0.470252
2.482127
-1.237873
0.322723
1.461182
-0.479610
-0.258084
-1.170766
1.805547
0.578108
3.287982
-1.504491
-0.794132
-0.325850
0.250894
-0.222479
0.851997
-0.563594
-0.215966
1.505058
-0.510400
0.453766
1.054817
1.691260
2.106394
0.555696
-0.286577
-0.731687
-0.371428
0.941633
1.196238
1.201412
-0.653534
-1.433777
1.726423
2.655275
3.288416
0.400508
0.104438
0.482403
1.377651
2.458917
-1.422819
0.873806
1.927287
-1.257961
0.240809
1.187858
1.711768
3.151626
0.168681
0.580470
-0.028342
1.627833
2.004279
0.267747
-1.669418
0.492632
0.972447
-2.361370
1.410174
1.967976
2.584742
-0.230609
2.203507
-0.374776
0.889205
3.317988
1.689414
1.156009
1.338226
0.172119
0.634408
1.618848
3.954275
1.714904
-1.579908
3.022722
0.919726
-2.520299
-1.354829
-2.632408
-1.710899
-3.102837
0.938845
0.658796
-1.615561
0.339959
1.240913
0.594841
0.542988
1.715660
-0.822477
-0.177037
0.883035
2.067394
-0.378498
0.713340
-0.194061
2.653538
0.328155
0.240042
0.075583
-0.616599
-0.333594
-0.317652
0.066449
2.648843
1.250695
1.979509
-2.133478
0.151323
-0.163626
0.513352
-2.808838
0.365538
-0.193004
0.912935
0.223414
1.137692
0.477332
0.856719
-0.549933
-3.223577
2.176313
0.352773
2.746448
1.651844
-1.810125
-0.063184
0.684042
0.530076
0.701650
-0.424640
0.592236
0.585018
1.817036
-0.265281
-0.918514
0.167251
0.752161
2.543641
-1.915169
1.081851
0.051022
-0.712104
0.178549
1.272661
1.788372
0.756871
-0.427539
-0.324073
-1.438122
0.223721
0.639574
1.347291
3.162144
0.000982
1.119193
0.330841
-0.661206
1.695571
2.206511
-0.493329
2.057261
2.256909
0.694443
-0.744767
0.225172
1.099857
1.704205
-0.072814
0.457682
-0.057282
-0.398289
-2.145643
2.597607
-0.796438
2.852770
0.310491
-0.449574
-0.486702
-0.111874
2.333920
1.018587
-0.834051
1.150056
0.032695
0.882927
3.192857
0.516621
1.835206
-1.509370
-2.544954
0.475140
2.268921
1.682710
0.081055
2.800896
2.639440
-0.373628
2.434036
3.115459
0.526363
-0.314071
3.047854
1.751762
-0.947404
0.353966
0.629244
4.295413
1.270034
2.820133
-0.915848
-2.964776
-1.446519
-1.100743
0.163912
3.374703
0.545143
1.370611
2.456679
-1.979202
1.234626
-0.951493
-0.006335
3.185187
0.214066
2.517446
0.565941
0.655108
-0.344250
2.542716
1.153692
0.770852
1.839707
-0.055155
2.916451
1.602344
1.928972
1.377769
-1.437204
-0.276305
-0.825262
1.913892
0.669120
1.477547
0.630668
0.265369
-0.296418
-0.785825
1.187922
-0.007210
1.872020
0.714068
2.292441
-3.053429
0.980526
0.716885
1.683852
2.905286
1.113801
0.563992
-1.287521
2.002812
2.372329
-0.173551
0.524501
-1.526204
0.317282
-1.015697
2.061089
-1.111885
1.415614
0.876695
1.901730
-0.649620
1.017861
1.813896
2.062736
1.707152
0.292736
2.263466
2.229963
-0.911062
-0.335908
-1.791306
0.535446
0.498010
1.622399
0.769537
0.691919
-0.640091
1.542434
-0.583474
0.221827
1.700169
-1.602703
-0.557114
1.230807
0.415315
4.225538
-0.815354
0.209255
-1.768854
2.426193
2.079811
-0.516929
0.391740
0.996479
1.553404
0.705424
0.090147
-2.889394
-0.832084
1.936157
2.702395
0.401333
2.677896
-0.625384
-2.842383
-0.207756
0.723215
3.069656
1.308779
-0.192833
-2.063370
0.480664
0.112857
1.525360
-2.133176
-3.034996
2.186869
-0.745437
-1.904775
-1.099202
2.128105
1.755074
1.564228
0.297272
-1.914665
-2.071844
0.481367
1.851183
-0.291833
-0.831005
0.224298
0.914026
0.103606
0.952929
-0.137937
1.925524
0.481036
1.508298
0.975373
0.929166
-1.185072
-2.426583
1.357244
-0.321957
2.075818
-4.121006
0.269538
0.050560
1.104477
-2.216341
1.654314
1.761629
-1.117928
0.218728
1.066882
-1.439534
1.568731
-2.337625
3.852238
1.687403
1.156592
2.089474
-0.794716
-0.650494
1.100398
-0.615424
0.020607
1.977062
-0.113324
2.001307
-0.256995
-1.441937
-0.858136
-2.796348
1.575451
1.976136
-0.399220
0.684263
-0.028451
0.059299
-0.983175
0.525998
0.678981
-1.601486
0.121696
0.279092
0.636158
-1.113582
-0.513875
0.881572
-0.047617
2.348798
-1.356704
2.278165
0.352121
0.334340
-0.503239
3.558885
1.734503
1.740050
1.004324
1.685780
-1.328916
-2.299806
0.701551
4.245010
0.033918
2.550596
-1.361893
2.784497
2.510391
1.423020
-0.529099
2.381980
-1.578816
1.987660
-2.903227
0.989839
1.523098
0.908648
0.777170
2.048505
1.537138
-0.775345
-0.779410
0.323641
0.285043
0.867531
-1.602335
-0.804389
2.315508
-0.338476
-0.758673
3.727374
1.098678
3.358095
1.875889
-1.478281
0.188873
-1.986396
-0.397409
2.408647
2.290366
0.300415
1.846244
0.143261
1.995470
1.218492
1.492947
0.453911
2.717650
1.454276
1.639099
2.251813
0.705584
-0.456179
-0.752809
-0.867535
1.377244
0.035172
-0.845288
3.793771
0.169426
-0.260735
-1.910268
1.932738
1.807964
-2.299455
-0.926698
-0.786916
1.256961
1.704927
3.564286
3.656865
1.120167
1.118264
-0.310743
-0.386153
3.483037
-0.404345
2.502393
-1.873782
1.901053
0.412881
3.926451
2.106999
1.155766
2.266475
0.938024
0.420226
0.829081
1.398020
1.489436
2.705899
2.036750
2.183104
1.199496
5.077426
0.906687
0.672679
-1.114124
2.055839
3.174868
-0.732656
2.782277
0.740983
0.674012
0.733873
1.861076
-3.117215
0.419049
-0.502245
-0.051361
-0.990891
-0.493849
-1.792123
2.062488
-0.580628
-0.605304
1.288220
0.351705
0.935331
-0.195178
-1.210502
1.552090
-0.444210
-1.147906
0.682071
0.485151
1.782520
-0.679143
0.942838
-0.684798
0.825605
0.959320
0.028507
-1.035400
1.743512
-0.703284
-0.391989
1.256451
-0.422063
-1.337819
-0.895720
-2.480233
1.185454
2.822529
0.499139
2.121562
0.971387
-2.440419
3.196045
0.753810
1.704249
2.680346
-0.972837
0.115848
0.037011
0.511805
-2.300186
-0.169756
1.470581
-1.820217
1.063179
1.995854
-0.245140
0.430201
-1.342288
2.630301
-1.225583
2.261155
3.253467
2.210774
0.438981
-0.269453
3.178052
-0.347742
0.603666
2.572891
1.344786
4.466548
2.036433
0.068459
1.394294
0.451020
-1.449073
1.023499
1.999237
2.596890
4.537747
0.884831
2.002265
-0.207758
0.715431
-2.185236
5.310925
2.697254
0.218521
0.444106
2.558124
1.331953
-1.019194
0.169549
0.238435
4.840998
-1.641252
-1.194864
-3.047183
-1.829358
1.605220
-2.180403
0.761134
-1.211785
2.339686
1.005249
1.970422
-3.913487
-0.762826
1.350899
-0.606538
-2.828606
2.425581
-0.923568
-1.890142
-0.500081
1.688600
2.323012
-0.278559
-2.059432
0.493317
-0.527623
0.820717
2.564954
1.737276
0.893613
3.111512
-0.618005
1.692523
0.318837
1.829805
0.035260
-0.468290
0.964326
1.599130
-1.323146
2.546422
-0.105127
-0.375662
0.584322
2.679993
2.283421
-0.057223
-1.071045
0.018776
0.846068
1.939326
3.168720
2.170371
0.106637
-1.910858
2.411414
1.234898
1.225338
-0.720819
-0.919276
1.188645
1.999621
0.133108
-0.640668
0.731387
0.916296
1.711975
0.339796
0.226590
0.999186
1.370947
2.179930
4.236089
-0.769907
1.566444
2.096555
3.850606
1.774439
3.210852
0.902010
0.972194
2.645467
2.654378
-1.838983
0.554842
-0.074036
-0.806467
-0.281937
2.959963
3.699782
2.827709
1.804304
-0.703699
1.762744
2.217629
0.977682
3.245124
1.299315
0.529337
-2.610682
0.412717
2.387727
-0.261835
0.116434
-1.995572
1.493818
3.248934
0.189106
-1.336608
-1.451914
-1.381325
-0.033883
1.815274
1.546886
1.373949
-1.434960
-0.122892
0.152323
4.960563
2.089335
0.555187
0.852486
-0.845890
-1.300555
1.858191
0.559692
1.273811
0.776876
4.279958
0.512360
-0.062684
-1.126915
1.820754
1.417725
2.232291
-1.257168
1.661048
-1.198506
1.659597
3.078896
1.076237
-2.070404
-0.162952
1.237274
-0.612325
1.471936
-1.074681
0.117633
2.062952
0.421228
-0.033459
-0.591769
0.938951
-0.618110
0.352716
0.296157
3.109332
-0.345932
0.434114
1.309320
1.267160
-1.598571
1.712256
0.079768
-1.793159
0.096192
0.562443
-3.236251
2.133493
1.285677
0.394950
-0.152311
-0.802663
-1.314378
1.374166
-2.266373
1.932197
-2.186212
1.456458
-0.248089
-0.573161
-0.798724
-0.669785
0.798409
0.744052
1.808145
0.423160
0.934154
2.122148
1.802412
-2.834821
0.846845
-0.620026
-0.008429
1.257005
-0.399443
2.366125
-1.193313
0.704197
0.235641
0.256423
-0.317491
0.978926
-0.817262
1.919962
-1.791246
0.320237
1.110178
3.010130
2.980653
-1.208867
-0.765040
0.555839
-0.471083
-0.853079
1.316237
1.329232
0.948824
0.453294
1.362811
0.512621
-0.640932
-1.845473
-2.252437
1.760879
0.037012
1.505244
0.526516
0.113225
0.505402
2.249818
0.018939
0.090740
-1.404746
2.089452
-1.704891
2.955836
0.236554
-0.847283
-1.789976
2.697417
-1.028952
0.683321
-1.296184
0.991207
1.979992
0.142672
0.560990
1.618509
2.023105
0.549881
2.449353
2.192881
-0.524674
-2.244006
1.793936
-0.778597
-0.822333
-0.748936
-0.374700
-2.009901
1.115257
-2.203526
1.341429
-2.389142
-0.735654
-1.496140
1.646679
-2.280874
-1.250859
-0.817046
-1.332612
2.124890
-1.565687
3.158020
-2.338860
0.821419
2.840884
0.713519
0.423183
-0.459630
2.885995
0.437478
0.849962
-1.728404
1.299064
0.090648
2.976358
2.378758
1.686008
0.466615
2.275774
0.885632
0.567048
0.296043
-0.553017
0.313658
-0.936764
-1.084873
-0.822933
0.057013
-1.289091
0.239908
1.385245
1.688302
-0.027504
-0.028328
1.330049
1.507811
1.386912
-0.697743
0.593083
-1.785566
2.883512
1.736375
2.767353
2.182343
1.713432
-1.629880
1.254725
-0.454246
0.665059
0.988707
0.999031
1.672572
-2.589800
0.445982
-1.616925
-1.524482
-0.574503
2.122144
0.469316
0.215654
-1.175507
-1.990558
-0.330155
0.796606
0.505343
1.504315
-0.315932
0.787453
0.529145
1.805794
1.496324
0.057786
0.676559
0.814064
0.780600
2.193031
-0.878603
1.449283
1.781855
0.737302
-0.763428
2.435251
-2.011524
0.933025
3.838156
0.983226
1.292197
1.028402
-1.491038
-0.504655
-1.101808
-0.108703
-0.373045
0.940930
0.717317
1.199310
1.773165
-0.394285
0.980071
0.129112
0.109991
1.983178
1.290141
1.772617
1.207826
0.343598
2.120611
1.636415
-2.435446
-0.820141
1.534696
0.955416
1.698806
1.691012
-2.021856
0.391616
-1.187019
-0.886614
-0.445391
-0.577592
1.188291
1.718002
-0.718527
1.619915
0.383341
0.783204
-0.268080
0.130490
-1.081162
-0.408299
-2.863438
-0.455993
1.034888
0.143088
0.124859
1.664638
0.424855
0.822751
0.307341
0.270562
1.034540
2.499538
-0.846739
4.612181
1.290054
2.156510
0.750589
-2.197979
1.424201
1.732913
-0.586494
-0.392140
0.704013
0.031324
-0.443652
2.336879
0.121133
2.224981
1.644848
2.549379
2.235784
1.209938
-1.617493
-1.066199
3.205394
-1.249244
0.843323
2.498342
-0.484172
0.262883
-3.001754
-1.524772
-0.310358
-1.166446
-1.480816
0.998327
-2.121503
1.526446
0.673432
-0.429323
0.066379
-0.013923
0.116569
0.501059
0.924161
0.968381
0.248425
2.463790
0.578823
2.018616
-1.165367
-0.793992
-1.079087
1.955293
-0.895773
-0.348632
-0.187970
-1.020928
0.327897
4.170583
1.266803
1.483672
2.585555
2.183878
1.184669
-1.469010
0.517985
1.085096
0.847748
0.990144
1.079364
1.545902
1.822165
2.187480
0.983235
0.262670
-0.230661
1.258613
0.039548
-0.279692
-0.313503
0.868457
0.248118
0.014359
2.994584
0.994394
1.300187
-0.861729
3.400164
0.151888
0.469044
-0.469703
1.380161
1.449941
-0.809846
2.173825
0.692037
-0.806993
0.450031
0.152073
-0.149276
-0.606791
-2.631469
1.154513
0.923761
-1.141307
-0.034971
0.393890
4.608489
-2.568155
0.243302
0.877729
0.463841
1.933978
0.592407
-0.068023
-0.969827
1.969640
0.204348
-2.109205
-1.144952
0.251145
0.744555
0.634025
1.474102
1.771988
0.928393
0.648548
-1.636692
1.222470
1.821593
-0.613494
0.387121
-2.464411
0.271289
0.342859
1.528818
-1.944493
5.052347
1.287436
-1.063663
0.368773
1.016478
-1.934861
4.448488
0.788442
-0.341048
2.213272
-0.704203
1.872513
-0.851254
-0.537100
1.539349
0.520233
0.399888
2.538050
-0.133898
-1.382504
0.123944
-0.144897
1.750468
-0.145831
1.932302
0.670103
0.608018
2.046699
1.309913
2.753196
0.408219
0.818777
1.983852
1.620579
-0.954582
2.145985
-2.393712
-0.236773
-0.888374
-0.160723
-0.682463
0.131452
1.213718
-0.955737
1.345870
-0.348999
0.130066
0.631494
0.063006
0.496450
-2.704986
0.252058
2.571398
0.680520
4.142758
-0.228847
3.440196
3.253869
-0.511882
1.072293
0.629253
2.195836
-0.060085
0.477786
-0.881075
2.011836
1.732021
0.731078
2.288056
-0.114086
2.694094
-0.527725
3.642396
-1.774116
-1.020496
-0.183321
0.016570
0.254898
3.398929
-0.662840
-1.572730
-2.459783
2.292511
-0.130382
2.378736
-0.043655
1.191821
-0.049175
-0.467736
2.011111
1.567299
-0.667465
-0.608713
2.105334
1.530910
-0.669725
1.350654
-2.189562
1.450407
-2.053854
2.926267
1.413154
0.611108
-0.021616
0.829303
2.072902
0.383117
0.038833
4.439668
-0.109988
-0.022226
1.785006
-2.389100
1.801637
1.015358
1.662868
2.233744
-1.108977
-0.978577
3.050628
2.127683
1.474051
-0.650361
-0.206939
-1.825946
0.332119
-0.434434
1.633839
-0.641674
-0.753876
-1.924925
-0.118497
0.387353
-1.884851
0.123478
1.045768
1.283666
1.471081
1.159987
0.557072
2.228659
0.281824
1.847938
-0.948319
-0.168318
-0.645063
1.665118
-1.669549
1.414684
0.872979
-0.046436
0.172161
0.406601
3.845936
-1.447195
0.755344
-2.542732
1.956160
-0.989849
-0.013370
0.073301
3.251154
-3.186543
-0.135567
1.532851
1.758347
-1.242178
0.766932
-1.796638
2.199577
-0.856084
-0.220917
-0.059040
-0.161967
-1.475783
-2.068829
-0.094133
1.019020
0.171244
0.138378
0.337227
-0.127044
-0.960682
-0.750297
2.860565
-0.237643
-0.365189
1.952921
1.019462
2.184305
0.142471
0.033484
0.872093
0.152077
-0.083618
-1.994627
0.661903
-2.158587
2.263678
-0.903765
1.277854
2.176871
0.648335
-1.551885
2.964187
-0.655185
0.390083
0.927934
-1.557705
0.879999
-0.516805
1.542601
0.873876
-0.917022
2.360316
-1.532470
-0.376313
0.048389
0.364669
1.989880
0.252453
2.017628
0.040711
0.072979
0.010358
-1.295631
2.029303
-1.260718
-0.067106
1.235318
0.883467
-0.154787
-1.090657
0.790106
2.290753
0.361244
1.472925
-1.421893
-1.410564
0.741566
1.869153
0.474526
1.144098
-0.155807
3.300981
-0.255984
0.493719
-0.549819
1.874555
0.675197
0.329953
0.616441
3.743413
1.729372
-2.106760
-0.125262
2.720644
-0.146226
0.508032
-1.476609
0.144442
0.301761
-0.582992
-1.453637
-0.941201
1.543774
2.912644
1.547750
-0.089301
-1.622863
3.855533
0.578914
2.506529
-2.330416
0.894855
0.851187
-2.489998
1.730538
2.019092
0.451526
-0.158785
1.788772
-0.181338
-1.984446
-0.433038
-0.372131
2.465066
0.264655
2.795714
2.468104
1.080843
2.127390
-1.648090
-1.083473
0.050710
0.084876
-0.937472
1.603513
-0.341655
0.827812
1.865016
2.122471
-0.328022
-0.527795
0.097395
0.023601
0.203099
0.210836
-0.967202
-0.049362
1.743480
1.606604
1.890076
2.658645
2.798968
0.093551
0.680605
0.449311
-0.277628
-1.812871
-1.032508
-0.326423
-0.580034
3.216624
-0.529494
1.147616
-0.936120
2.125304
1.376991
0.294346
1.012918
1.322762
2.512538
0.621434
-0.468634
0.398741
-0.597610
3.507924
2.390629
0.374588
-0.080422
2.976726
0.646333
0.856945
0.907213
-0.182297
0.104366
1.479804
-0.162755
0.116500
-0.189781
-0.718847
0.922841
-1.284470
0.084798
1.238212
0.483959
-0.201161
1.439474
-0.168105
0.217016
0.610750
2.509698
3.095767
-0.634019
1.975806
0.353014
2.951887
1.267515
1.126527
3.158865
0.442086
0.545090
0.998867
2.047883
2.323688
0.955712
-1.247268
-1.081419
-0.902397
1.387759
0.163353
-0.510244
-0.455931
-0.507456
-0.045159
2.346339
-2.655380
0.898638
1.915510
3.044820
1.024487
3.080738
1.091369
-0.634066
-1.594994
1.883540
2.021307
0.036646
-0.325492
-0.301574
1.771089
-0.441971
4.198373
0.210693
-1.681250
-0.660770
2.345495
1.307610
-2.853622
-0.516069
-1.388958
-0.279148
-2.411841
0.828530
2.517715
-0.443654
2.265970
-0.428159
1.516775
1.469671
0.786627
-0.118451
0.812552
-0.767879
-0.738733
1.110205
0.749635
0.647072
-0.259687
0.873376
1.087864
2.616869
2.650599
-1.461972
-0.154681
-0.342149
-0.359182
0.941845
0.140880
-1.936364
1.876497
2.509261
3.933807
-1.371475
2.506762
1.733574
1.209408
-0.961550
1.615650
1.161035
-1.347712
-0.023812
1.324900
0.856880
1.365939
0.976922
-0.063081
-1.021303
0.664947
1.694780
1.043177
1.800579
-1.421776
3.768943
2.689015
-1.213067
1.537072
0.495855
2.263128
2.512666
2.679337
0.727163
1.367821
0.719742
0.050224
-0.299010
-1.798341
5.041273
2.288372
4.567399
1.467223
-3.118248
0.043232
-0.170909
0.221482
2.161369
0.332672
-0.204775
1.305571
0.478577
0.724521
1.212799
1.801607
-0.700595
-0.230401
1.466794
-0.605559
1.786635
-1.378626
1.107517
1.315518
0.955567
-0.863941
3.160211
2.845718
0.768666
-0.573580
-0.509200
2.805621
0.690142
1.641111
3.256834
0.124657
2.116188
1.685924
-1.279920
-0.170623
-1.534952
2.207354
-0.874607
3.578489
3.240245
0.805186
1.293831
-2.130406
-0.029876
0.719682
1.591376
-3.928438
-1.969239
1.212317
-1.042445
1.289612
0.440271
0.243051
1.396719
-0.850050
-1.601435
0.564107
-1.758157
0.456319
3.050072
-0.302398
1.582915
0.673903
0.891271
2.966493
1.095058
-2.686498
-3.019107
-1.416607
0.586270
-0.618658
-1.435065
2.042924
0.597587
-0.009808
2.072039
-1.562141
0.519495
2.266326
-0.050670
3.375099
0.928140
1.028192
0.404974
-1.255194
1.126170
0.013440
1.232244
1.994183
-0.168921
0.098314
0.318107
2.202784
-0.232134
0.385428
0.786721
-1.224308
3.107035
-0.910012
0.898410
-0.011470
-0.503131
-0.750867
0.501283
1.930797
2.932731
2.337394
1.786032
4.743864
1.451736
-2.024470
0.960333
-0.604884
0.681470
2.036083
2.551748
0.250279
0.746424
1.362513
-0.424319
0.167712
2.505111
2.312744
1.365283
-0.406826
-0.109570
0.867480
-0.367456
0.779370
-1.061278
4.236502
0.412517
-1.096242
3.666766
2.844839
1.855158
2.279775
-0.016804
-0.674366
0.558358
0.792046
1.450012
-1.874019
-1.095577
0.207122
-1.099141
-1.342547
0.132106
0.883919
-0.476318
0.043355
-0.068969
0.822394
1.475359
-1.240694
0.082770
-0.942343
-0.655273
1.461222
-0.495567
1.121600
2.969673
-1.045664
3.360806
-2.483023
1.387504
1.575266
-1.083442
-2.755418
-0.437988
3.111366
1.430582
0.258536
2.012466
0.543442
-0.235061
2.046249
0.243187
-1.401533
-1.632593
-1.103457
2.529794
0.652313
1.125807
3.392729
1.314260
0.747149
0.330046
-0.217483
2.953858
1.338214
2.004918
2.460051
0.802374
1.412293
0.913117
1.226971
2.283245
-2.142720
-1.481549
1.203429
1.119799
2.650540
0.126592
-1.881215
-0.830883
2.010576
1.174112
-0.122838
-0.507281
0.223161
2.013957
-2.254358
0.235491
0.864594
2.231770
1.333253
0.642201
2.027629
-1.227679
2.126895
1.155680
0.655211
0.798614
-0.465704
1.573970
1.182276
0.045340
0.115149
-0.231033
0.844997
-0.616885
-0.967887
0.137117
-2.042537
1.596640
-1.812618
1.691760
0.098390
2.275539
-0.443306
0.958302
5.746726
0.456016
-0.090687
1.684611
0.438382
-1.722212
-1.257458
-1.152956
2.444186
-0.092089
2.051682
1.210581
1.186163
1.548749
-0.029787
0.474131
-0.149563
-0.524261
-0.307412
0.479212
-0.444321
-0.537277
2.919039
1.631299
-2.014670
0.430730
0.329622
-0.669235
1.688165
-2.172148
2.817242
-3.206641
0.394652
-0.514472
3.156674
1.642736
2.650149
-1.186643
-0.694871
2.243593
1.423357
0.050230
-0.831818
-0.604484
3.280498
-0.330913
1.129539
2.552378
-0.347702
1.895405
2.320390
-0.054392
-1.459299
-1.375491
2.077242
3.111830
0.779457
0.282665
1.851390
-0.138274
-0.199534
0.602395
0.370342
1.270716
-0.068799
-0.380560
0.762989
0.275054
1.526948
-0.463014
1.484413
-1.262088
-0.120114
-1.823162
-1.416062
1.093427
2.164046
2.732920
2.845710
-0.868015
-0.033881
-0.061955
-0.769304
-0.305479
-0.178602
2.704276
0.684405
0.628620
3.763957
0.072954
0.977733
0.503251
0.414993
-0.980775
1.188944
1.659194
1.434559
-0.778579
-0.199633
0.421424
1.409014
1.574456
1.208198
2.973063
-0.146712
0.315683
-0.525568
-0.520736
0.606196
-0.773238
0.442396
-0.399945
-2.036719
-3.105806
0.890415
-1.788824
2.800704
1.755930
0.925326
-0.527748
0.129833
2.578714
-0.077498
-0.044350
-1.630981
0.645343
-0.261173
0.817607
-3.288957
-0.852716
0.784887
2.099009
-0.169608
-1.651160
-1.227516
2.017613
2.406916
2.360261
-0.552168
0.413080
1.544443
2.034950
0.044065
0.302545
-1.034189
0.286870
0.717692
1.585094
-1.685848
-1.364738
0.584376
-3.470320
-0.609467
2.423314
2.194249
0.441912
0.158203
-0.462027
-0.982244
-1.265148
0.468699
3.598461
1.261022
-0.343434
0.055431
0.151621
5.103829
-1.644995
-1.729579
0.696145
-1.371334
0.005650
-1.882722
-1.954193
0.719079
-0.586125
-1.537694
-1.369180
0.408262
1.754848
2.611977
0.564043
-1.187900
0.691497
0.657192
1.374963
0.217453
-0.843517
0.327201
0.388062
-1.742223
-1.791616
-2.367168
1.376930
0.205796
-0.979035
2.636399
0.688025
-2.192993
0.206594
1.634274
1.329627
0.914608
-1.567205
-1.149306
-1.608163
0.185307
0.655999
-0.378515
2.256688
1.986407
-0.084265
0.603933
-0.403200
0.245394
-1.821216
2.650931
3.287186
-0.203220
3.348691
2.520860
2.131897
0.110932
0.621846
0.316747
-0.061281
-0.652174
-1.275753
1.129762
1.519068
-0.371918
0.953605
0.529443
0.277129
-1.200437
0.779087
-0.930953
1.505474
0.306936
1.645642
-1.036494
0.744202
-0.832592
2.423490
-0.312259
0.404293
-0.825213
1.389666
4.086226
-0.025125
1.094598
-0.077897
-1.258428
-0.380039
3.750096
0.383742
3.392020
1.464178
-0.143404
0.691104
2.925690
-1.851868
0.321340
-0.748641
1.508429
-0.319293
0.171852
1.963186
0.266003
-0.867966
2.505414
1.356152
-0.854225
-1.234293
1.193102
1.920962
-1.201274
2.430168
0.201513
-1.411587
0.704269
2.026940
-2.438247
-1.348141
-2.228441
2.377731
0.538056
1.955277
-0.168091
-0.066271
-0.224815
0.027750
-0.015832
3.717242
-0.709029
1.361273
1.146864
1.413742
1.624535
0.127165
1.290794
2.439351
0.600675
0.541335
-1.184047
0.671156
2.742804
0.244875
0.156197
-0.019518
-1.303090
0.885884
-1.001625
-2.217007
2.077934
1.596758
1.814423
-1.742470
1.554887
2.323441
-0.359887
-1.724746
-0.658083
-0.551322
1.767366
-0.241822
1.180031
-1.434517
2.374438
3.066894
1.724658
3.643409
-0.105654
0.415340
1.997320
-0.828543
-0.012739
2.526498
-2.705823
1.459613
-1.497076
-2.101637
1.688709
-0.917462
-1.721089
0.307581
1.167692
0.536874
1.405996
0.307864
-0.163900
1.572367
-0.010318
3.526415
0.584695
0.576032
0.220649
-0.604019
1.443593
0.413768
0.871652
-0.853884
1.264682
1.085630
0.086008
0.864218
-0.681839
0.943792
0.244784
1.729990
0.749723
2.043603
3.232124
1.159731
0.094382
2.513610
1.649421
-1.196702
-0.988513
0.965574
-0.713764
1.138226
-1.742885
-0.977921
-0.961346
-0.548560
-0.484930
-1.045253
3.739758
1.028945
-4.249246
3.177265
-1.746445
1.694884
-0.460794
2.085266
2.466118
-0.560861
-0.431542
-0.282970
-0.260976
-0.424535
0.151093
0.201848
3.200032
0.424701
0.849798
0.001041
-0.781026
-0.877474
-0.800807
3.010687
0.205148
-0.492121
1.536616
0.791519
3.608573
2.451932
-0.412628
1.775087
2.574497
3.714418
2.024208
0.212210
3.268524
0.258034
2.775470
1.505804
2.497901
2.195686
0.159393
1.228051
0.696521
2.049421
2.497376
3.039859
1.099548
2.864174
1.346025
1.733894
2.083394
1.003033
0.347510
2.234887
0.729778
1.820799
0.823239
0.694357
0.635216
-0.004606
2.093503
0.919135
0.251335
2.261721
-0.155212
-0.522265
-0.981970
0.723298
-1.226981
0.432937
0.830869
1.227703
2.439522
-1.737358
0.930363
-1.181563
2.425967
0.151430
-1.741051
2.128271
0.543517
3.145077
2.649929
-0.577421
-2.739714
-1.234409
0.934344
0.788175
0.825432
3.835907
-2.395028
-1.626484
1.201423
1.341725
-0.796400
1.518931
-1.383906
2.177011
2.003424
1.705026
0.504071
1.089446
0.938110
2.220731
1.305177
-1.572556
1.702323
-2.911660
1.774874
0.143521
0.867965
-1.466489
0.409405
-0.233270
1.997488
2.371070
0.672114
-0.985271
2.125247
-1.681590
-0.503799
-0.224200
1.742715
1.025785
-0.620304
2.078692
-1.270552
-0.548894
2.086028
-1.660297
0.068395
2.040480
1.000953
0.278669
-0.932438
0.894819
1.741257
0.678129
-0.432708
-1.043517
-0.460476
-0.916347
3.559367
1.638074
-0.994720
0.574365
-0.106548
-2.230347
1.374801
-0.703309
0.536993
2.814609
1.237582
-0.385343
-1.137815
-2.098152
1.347831
0.228057
1.238610
1.348482
2.220241
1.070476
0.543936
1.358740
1.105733
-1.769464
2.108697
2.490734
-0.956834
1.420723
1.642665
-0.975089
-1.191913
-0.368078
0.164507
2.572604
-0.734957
3.428514
1.968952
0.943947
-1.564547
1.000127
0.143264
0.208458
2.095426
2.019523
1.469665
1.626078
2.065625
1.811475
2.056161
-1.771618
3.276909
0.516552
1.089769
2.417101
-0.845511
-1.561501
1.928372
0.705894
2.595631
2.136813
4.522934
0.881452
-1.205750
1.281943
0.353668
0.821202
2.214419
1.058431
-0.649949
0.729530
-1.073385
0.378076
2.234541
2.630827
-0.433253
1.351706
-1.284538
2.329979
-1.313208
1.208141
0.553173
1.648787
-1.148245
0.702831
1.420091
-2.470235
2.529382
0.945870
-1.245864
-0.764341
0.142895
0.068356
0.710671
2.529846
0.047793
-0.538569
3.394088
-0.564846
2.692878
0.277066
1.952460
2.747312
0.868561
1.896085
-0.173315
-1.192274
-1.717574
-1.116623
-0.378358
-0.433977
0.240542
-0.130825
0.388732
1.962386
-1.387801
-2.599863
4.101147
1.075962
-0.463114
4.015362
3.059955
1.886138
3.656704
-0.543022
2.233090
0.504621
2.432509
-0.821222
0.761009
-0.545479
1.722474
-0.259900
0.314626
-0.486887
-0.517282
-0.972755
2.984663
2.120768
-0.546128
1.761179
2.928657
-0.005464
2.027501
-1.233641
-0.260448
3.063557
1.115564
0.767177
-1.579571
-0.705610
-0.830168
-0.825308
3.238257
-0.847120
0.674590
-1.044015
-1.644688
0.396094
-1.466847
1.326002
1.136287
2.098437
3.160190
0.780593
-1.109549
1.216883
-0.255232
2.197476
-0.515430
1.902505
0.902796
-0.336550
0.989024
1.980523
2.907954
2.420759
-1.257151
2.677858
-0.809774
1.767163
-0.103742
-0.811246
1.226543
2.376689
-0.028997
3.924413
2.037607
0.077748
2.861261
-0.010954
0.379473
0.004243
-0.017698
0.745458
0.747435
1.744066
0.339870
-1.835094
-2.516793
-1.843689
-0.974056
-2.662369
1.253290
0.674113
2.281653
1.255757
0.822478
-1.006071
0.801290
-1.664731
3.780047
-0.625174
-1.984253
1.529440
0.203307
4.398305
1.744752
0.786037
1.012266
1.210935
2.691745
-0.494128
-0.271555
1.533462
0.712122
-0.879469
0.756470
-3.045193
0.074680
1.371090
2.268449
-0.377355
1.522079
-0.591010
1.162864
-0.172561
0.177365
1.760268
2.426744
4.310066
-1.501527
0.727305
1.276754
-2.139865
-0.342320
0.840884
2.416999
0.510828
1.069151
0.452056
0.862701
2.435631
-1.989256
1.017457
-0.413845
3.437606
-0.527063
1.110002
1.001229
-0.149541
2.634447
0.111486
-0.856682
1.095453
-2.208730
-1.673138
1.191342
-0.553925
-2.282381
-0.120417
0.332332
-1.723140
-2.490211
0.288664
0.375153
-0.455236
1.238552
2.497039
2.250890
0.123980
1.342587
0.843762
-0.505477
2.609086
0.674291
0.761231
1.384083
1.402319
-0.825535
1.756751
0.422361
1.325455
2.915621
-1.767613
1.529183
1.092134
-1.254410
1.268110
2.529379
1.143728
0.091305
2.390248
1.497518
0.147836
-0.594559
0.694282
1.303174
-0.096501
2.170699
-0.520331
1.023822
1.032195
1.304076
-2.140937
-0.616883
0.480177
1.083104
0.280011
1.484962
-2.777689
-1.135587
1.664008
0.545430
-0.391370
-0.372148
-1.764933
0.741135
-1.023191
-2.745747
-1.356896
0.577519
-1.550903
-0.992528
2.465261
1.841494
-0.570887
-0.833769
-1.344147
-0.519019
-0.069020
0.765309
-1.282851
-1.938593
-3.036461
-0.104100
1.212596
0.278092
1.384172
1.543567
3.077945
0.069018
1.678728
2.514677
0.083913
1.302877
-1.089701
2.808314
1.451883
5.698714
0.443642
0.067523
0.797561
-1.369583
4.697108
-0.584455
3.145620
0.798102
0.340795
1.770346
0.767158
0.745317
-2.441240
0.969745
-2.222889
1.202480
0.570781
-1.669695
1.815435
1.209349
-0.264749
2.929982
1.426952
-0.133257
0.753629
-0.963136
-1.948068
1.808351
0.631339
-0.678607
-0.088199
-1.449817
-0.329813
1.457514
-1.051513
-0.581241
0.844762
-1.318339
1.643249
0.784763
-0.512808
0.260150
0.428128
-0.125743
0.981935
-2.833916
1.050627
-2.043812
0.540662
1.839735
0.508233
0.722670
1.461699
0.931193
-0.015098
-1.479406
0.536271
-0.850137
1.307815
1.198524
0.229317
1.834697
-0.484322
1.399053
-0.319651
-0.526930
2.214265
-0.681684
-1.600928
1.243147
0.500924
1.277513
3.847688
1.573597
-1.283497
0.290442
0.697884
-0.503458
0.341016
3.619628
1.834256
1.137701
0.491368
1.032649
1.749075
-0.496309
1.093606
1.791639
2.688605
3.083936
0.375541
-0.114458
-0.097316
2.677784
0.728899
-1.118894
-2.885261
0.400463
1.216177
2.279695
1.525821
0.925925
-2.024839
-2.937731
2.687137
4.118029
1.646970
0.719962
0.546041
-0.900454
-1.309525
0.706723
-1.405198
0.404442
1.751696
1.815713
-1.177844
0.179958
-1.051992
-0.976655
-1.414617
-0.066962
-0.941700
1.205010
-0.040579
2.623044
-0.760594
-0.310955
3.036685
-1.184457
0.073222
2.473422
3.845979
-1.095690
1.033078
0.822275
3.872971
1.063457
-3.038302
0.272408
1.238621
-0.442962
1.320581
-0.256126
-3.860955
1.711840
1.562824
0.948239
1.661335
-0.078073
2.957618
2.183225
0.056296
0.465728
3.065083
1.561848
1.786247
-0.333781
1.224348
-0.624655
-0.684458
3.306718
0.409586
-1.147856
-1.693679
1.765314
0.201968
1.907719
-1.334962
2.364497
-0.252237
-2.246161
0.659518
-1.045419
0.228835
3.432613
1.862792
1.027537
-0.916156
2.484519
0.777116
0.643035
0.653724
-1.611456
1.029896
-0.848783
1.606733
2.691693
0.775847
2.268425
3.092940
-0.458994
4.464157
2.868185
-1.406316
1.572499
0.446493
0.962319
1.270835
0.640376
2.812871
-0.396536
-1.243792
-0.429433
0.611788
0.310530
2.686645
2.467394
-1.026041
-2.142165
0.588975
-0.487552
2.248667
-0.412544
-3.798170
1.184831
-0.072346
2.786760
0.801061
1.728740
-1.545086
2.881215
-0.656249
-0.843966
-0.639739
1.125356
0.047183
1.717882
-0.055297
0.105035
-2.070255
-2.166936
-0.692468
-0.234554
0.594556
0.408793
0.165993
0.966683
0.384761
0.019172
1.668776
1.950274
1.014568
2.509174
-0.691063
-0.419758
3.580526
-2.036830
0.415007
-0.007641
-0.201093
0.319145
-0.196779
-0.408552
0.272020
0.592720
0.213152
2.152148
-0.307792
3.005746
-2.223208
-2.273181
0.683614
-0.958855
-1.046014
2.217148
3.119647
0.500319
-2.377250
-0.289762
-1.561039
-0.050802
0.356458
-2.215385
-1.094364
2.071179
-0.984522
1.641865
2.165612
-0.333576
0.152856
1.990181
2.455813
0.758459
0.860312
-0.743792
1.348586
-0.841641
3.302594
0.017958
-3.392745
0.847382
1.216993
0.920926
-1.232422
1.739511
3.556551
0.853945
2.023725
0.054789
-1.442648
-0.433877
-0.623823
2.802355
0.224451
0.445733
0.950597
0.314303
-0.854299
0.873879
2.289280
-0.270197
-0.121244
0.458368
-1.386063
-1.004421
1.980489
-0.439764
1.145847
0.699170
0.874403
-0.308269
1.994803
1.065109
1.425884
-0.042069
0.937617
-1.583384
1.718141
1.711996
2.788411
0.065584
-0.258755
-2.437235
-1.200327
1.165011
1.022333
-0.055811
1.698295
-0.403186
-0.031129
0.781085
-0.317119
2.317763
0.580016
1.027399
2.250591
2.187464
1.905589
3.031357
0.921579
-1.373927
1.463369
3.296678
-0.229674
0.201682
-1.546682
0.597379
0.861001
0.125550
2.186660
2.087784
2.281844
-2.357091
-0.678037
1.183224
1.495548
-0.962423
2.382321
2.536072
-1.299613
2.002967
0.072138
2.367467
1.737040
2.266734
1.892000
-1.357722
1.343260
1.176981
0.036631
-0.831975
2.914173
-2.783181
0.369493
-0.829508
5.828645
-0.171877
0.072495
0.642840
0.409030
1.184635
1.021464
-0.928368
0.260211
-2.080804
-0.734069
-1.543720
1.206071
-0.261280
0.043882
-0.743059
0.309603
0.243969
1.980621
0.533746
-0.988006
2.855390
-0.937894
2.321686
0.959763
1.694759
1.414233
0.248838
-2.011194
1.550800
1.280502
-1.016613
1.694240
0.245218
0.580289
0.681938
1.991238
2.021855
2.292458
0.848466
-0.160010
2.185895
1.085652
0.720502
-2.531305
-1.023720
4.235042
-2.296193
1.285697
0.247871
-1.364448
-0.691691
0.997623
0.033271
1.778741
1.039502
1.113734
3.308850
0.845354
1.176172
2.082774
-0.148445
1.092630
-0.160597
1.750949
2.531569
-0.208158
-3.235521
1.279492
1.146203
-1.909519
0.213654
0.184943
0.174574
1.499083
1.849542
-1.003190
2.874618
-0.236312
0.579613
0.966502
0.924496
-1.898509
-0.033564
0.348521
-0.574047
0.136623
-0.425681
-3.312479
-1.912408
-0.376181
-3.814787
-0.466640
-2.032976
-0.831902
1.276190
-0.298765
1.790076
0.947921
-0.428003
-0.088743
-0.163258
-0.017955
-3.186706
1.772836
3.528843
-0.145600
0.491098
-0.764223
1.494783
-1.998986
-0.644234
0.964292
2.417477
2.155397
2.592711
-1.795431
0.027733
2.245273
2.974813
3.302578
0.857606
3.009711
0.223320
0.655591
0.501019
-1.946855
1.225099
-1.210516
0.308249
-0.706765
2.319475
-0.211897
2.403694
-0.433396
-3.070475
2.687590
-2.216121
-1.022859
1.728778
1.344935
-1.082794
-0.033228
0.907505
0.609227
-0.715813
2.260325
-1.196174
3.473525
1.271387
-0.724839
0.826664
0.481965
0.726406
-0.589185
-1.412189
1.009883
-0.478618
1.316674
0.856347
1.523057
3.107936
-0.680857
-1.133072
1.477910
0.994554
-1.830920
-2.161567
-0.135979
-0.978558
-0.519467
1.073843
-0.834716
-0.375415
-2.654227
0.207862
0.545620
-0.091226
0.263872
-1.092753
0.285177
-0.314382
-3.259881
2.216556
0.370232
2.648370
-0.525677
3.540706
3.116748
1.806728
1.907037
-2.871550
0.317913
-0.012948
-1.163658
2.661035
-1.283668
0.607801
0.453700
0.128028
3.224595
0.244727
-0.235447
-0.373918
1.740860
0.872036
0.997080
0.465167
2.239204
1.485857
1.893049
-0.139673
-0.425005
0.148157
1.757167
0.139986
-1.967154
0.884542
-0.889764
0.999413
2.355585
0.177935
-0.397552
-0.048012
1.167583
-0.380809
0.638558
1.444156
-1.258327
-0.137917
2.342898
-0.911596
-1.188225
0.580030
-0.997447
-0.452081
0.159655
0.974548
2.542291
-0.845728
2.346934
-0.040105
-0.336828
-0.718861
-1.323623
1.186517
-1.708199
0.431653
-0.388201
1.984056
1.400860
-0.894781
-0.528278
-1.691531
0.742536
-1.048830
1.835106
-0.931433
-0.490774
-1.301137
-0.477832
0.229602
0.358971
0.750290
0.526717
2.154872
2.403401
1.473198
-0.054488
0.113206
2.312389
0.802104
1.866673
1.693632
0.414317
1.244914
2.277067
2.065707
1.455535
0.286295
-2.329384
5.178735
0.560098
-0.098543
3.293985
0.143425
0.131697
1.096570
0.193919
0.887422
-0.685193
-0.509248
2.307650
1.668850
1.101522
1.848045
1.015486
2.098311
-2.861605
2.389514
2.599271
-1.802104
0.661136
1.140191
1.077715
-1.140588
0.338434
1.237227
0.090481
-1.673823
-0.078681
1.350521
-0.514928
-0.726168
-2.728728
-1.129380
-0.886795
2.087854
0.310096
1.566564
-1.198570
0.522962
