-1.643221
0.246447
0.204872
0.221958
1.589054
-2.982910
-1.547064
1.816254
-2.215218
-2.366585
0.129158
0.392830
-0.630325
-2.284571
-2.247551
-1.608421
-2.537125
0.353203
-0.871620
-0.777923
-1.563187
1.345093
0.062759
1.329548
0.241299
-1.268326
1.114052
-0.489300
-0.220329
1.869537
-0.810875
1.496368
-1.088142
1.420143
-0.384754
-2.793949
-0.001656
-1.371321
1.206955
1.278023
1.915699
-2.539688
-2.804474
-2.155556
-1.174880
0.724041
0.154453
-1.495083
-1.780853
0.329337
1.796898
-1.539249
0.155098
-2.768555
0.467588
-0.039070
1.751793
-1.675644
-0.407784
-2.087616
-0.633823
-2.743736
-1.973763
0.651039
-2.245990
1.342487
0.132648
-0.147232
-0.358231
-1.221489
-2.947517
-1.769478
-0.027779
-2.576355
-1.813734
-0.396902
-2.883217
-2.195130
-0.360657
0.183840
-0.251150
-0.982334
-1.306129
0.546997
0.821724
-0.223766
0.300545
0.636353
1.790052
1.419266
1.552033
-0.746012
-0.753832
-1.642040
-0.904986
-2.627320
-2.053185
-2.718269
-2.048943
-1.288086
-2.225071
0.704163
-0.349857
0.537529
-2.612694
-1.794224
-0.399970
-0.599487
0.580009
1.458008
0.394608
-2.187670
-1.967533
0.065519
1.438980
0.771558
0.436890
-0.553299
-0.306656
-0.930926
-2.842638
1.260033
1.921114
-2.108627
0.307725
-2.088022
-0.892044
-1.740696
1.117934
-0.207298
-0.970108
-1.671997
-0.155544
1.787231
-2.023426
1.910679
-1.424057
-0.224375
0.180367
-2.479362
-1.699783
-1.650108
-1.003906
1.919411
0.360126
1.273430
0.993164
0.159472
1.166794
0.913422
1.781399
-2.151909
0.293858
-1.223900
-0.294086
0.659973
1.921455
1.926735
-0.814350
-0.513134
1.363369
-2.919086
0.979584
-0.770706
-2.137352
0.699402
-1.279121
1.859581
0.584740
-1.240448
-2.606754
1.392609
-0.220528
-2.972465
1.872032
-1.446823
0.970802
1.643135
0.065193
0.125507
-1.179070
1.900045
0.800198
-2.312099
-1.624100
1.999992
-1.807938
1.387215
1.249493
1.909218
-2.522243
1.209518
1.978260
-2.830717
-2.207542
1.232521
0.436539
-2.072174
-2.386524
-0.437595
1.282452
-0.837303
-1.810898
-2.844528
1.220737
-1.145069
0.207268
-0.517021
-2.838306
1.770081
1.643639
1.464066
1.348927
-1.607388
-1.681053
0.691296
1.411640
-1.549858
-1.927685
-0.602692
-0.129059
-2.454723
-2.721634
-1.156242
0.502739
-1.919348
1.914246
-1.183434
1.540037
-2.198017
-1.435616
-0.372307
-1.601643
-0.473759
-0.860649
1.264671
0.966328
1.407455
-0.928581
-0.546196
1.630045
-0.098476
-1.063339
0.507301
-2.298960
0.516472
0.660577
-2.148888
-0.583320
1.658470
1.717674
1.510727
0.963516
-0.680679
-2.065334
1.951500
0.311527
-1.986778
1.930233
-0.703651
0.918506
0.186024
-1.711396
1.632530
1.025789
1.870453
1.161652
-0.501579
0.037270
1.863062
0.082443
-0.812927
-1.974949
-2.238358
0.336494
-0.571569
-2.779182
-0.841476
-2.080360
-2.926559
-2.065300
-0.276284
1.939407
1.667145
1.805250
-1.577538
-0.615467
-0.726112
-1.151733
0.333271
-0.621548
1.845032
-2.372742
-0.917572
1.217880
-0.437675
-2.361637
0.951080
-1.601366
1.198143
-1.172638
-2.795372
-0.373825
-0.038033
1.512096
-0.965336
1.364375
0.223124
-0.956238
-0.906433
-1.907280
-2.091681
0.804192
-1.386093
0.635170
-1.886692
-1.333241
1.549437
-1.202301
-1.677650
-2.666313
-2.618157
-1.565445
1.740124
0.306355
1.795635
-0.369381
-0.613911
-1.703636
-1.616074
-1.458624
-2.861042
0.617165
0.660873
0.231228
-1.392542
-2.543404
1.890652
-0.183510
-0.659508
-2.152100
0.704792
0.476582
-0.465580
-1.521105
-2.608673
-1.251778
1.045296
0.955635
1.153351
0.004023
-2.412590
-2.214109
0.391083
-1.423550
-2.964396
-2.337357
-0.754131
-2.094238
-1.303261
-0.369991
1.534584
-1.880756
-1.975871
-0.184814
-1.493866
-1.296211
1.353249
-2.576757
-0.554779
0.042648
0.318035
-0.443974
0.356987
-2.631214
-0.178592
0.435503
-0.784973
0.787130
-1.757210
-2.138603
0.510311
-0.442127
-1.162340
-2.448448
1.137581
-2.088152
-2.833565
-2.480080
1.025903
0.768282
-1.713202
-0.730408
0.235023
-0.268673
1.926910
-2.567368
0.259352
-1.355793
-0.742388
-2.853903
-2.835068
-1.558121
-2.768921
-2.522215
1.188498
-0.960960
-0.824696
0.496796
-0.953194
-2.913022
-2.238960
1.402878
1.183479
-2.543718
0.118744
-2.030266
-1.271463
-0.495987
-2.728151
1.166496
0.548920
-0.139038
0.543106
1.803604
0.751072
-1.904411
-1.459360
0.188038
-2.519012
0.395004
1.829010
-0.085884
0.097511
-0.703884
1.116613
0.230209
-0.460022
-1.012245
-2.216682
-2.753187
1.552223
-0.423042
-1.156273
1.112206
-1.871750
-2.664242
-0.891006
1.650436
1.314741
-0.932735
-2.661987
1.694748
1.977314
-2.160156
0.213036
1.777486
0.528122
-1.822685
-0.301598
-0.836350
0.932045
1.404896
-1.368660
0.187725
1.464745
0.066902
-2.800362
1.466118
-0.142876
-1.479088
-1.156408
0.962189
-1.008272
-2.806428
-0.470604
-1.684734
-0.786915
0.356468
-0.722298
1.922844
1.930794
-1.663933
0.731766
1.950291
-1.033295
-2.312981
1.843483
0.477283
-1.914719
0.282749
-2.130104
0.583382
-2.329826
-1.466812
1.836510
1.179626
0.840096
0.970741
-0.181816
-2.295074
-0.456303
-1.030006
-2.677177
-2.681686
-2.769615
-1.079506
-2.853703
-1.882263
1.328606
1.314877
1.301081
-0.360664
-1.289566
-2.007288
1.947845
-2.570839
-1.993584
0.560555
-0.696159
-2.772034
1.603806
1.501534
-2.132748
-0.575989
-2.004204
1.579437
1.422575
-2.348289
0.738297
-2.624800
-2.711689
-1.644934
-2.108788
0.142982
-2.750641
-1.842137
-1.619907
-1.426598
0.338081
-2.569477
-0.268448
1.885721
1.093285
0.281467
-0.877281
1.167099
1.107803
-2.089119
-1.837959
1.380569
-1.430984
-0.041759
0.829079
-1.005421
1.815430
0.233881
-2.169006
0.276237
-0.853218
-1.618069
1.214912
-0.033543
-0.823412
-0.714524
0.963593
-2.878166
0.259755
-1.531527
-2.837082
-0.035866
-1.141447
-0.104488
-0.336220
-2.349709
1.628387
-2.925423
0.408102
1.542709
-1.283682
-1.375448
-0.707293
1.115631
-1.580353
1.993984
1.325474
1.324429
-2.687366
-2.947716
1.981369
0.915047
-2.807858
1.543526
-0.530083
-1.110214
0.648491
0.766026
0.133560
-1.555077
-2.569118
-1.077995
0.216820
0.492203
0.370518
0.068321
-2.799362
-2.325020
-2.393837
-2.152367
-1.470955
-0.537846
-2.177464
0.165611
1.287237
1.476437
-2.226028
-1.136799
-0.842670
-2.959755
-1.431252
-1.293728
1.702572
-1.778961
0.078762
-2.813122
-1.606350
-2.048500
1.788193
0.286854
1.902954
-1.885686
-1.563606
0.269451
-0.720131
0.239470
1.336533
0.521896
1.340724
1.983517
-1.613785
1.074553
1.665527
-0.994873
-1.200851
-2.584694
-1.293026
-1.999245
0.020981
-0.834389
0.643074
1.746492
-0.567986
-0.224129
1.184044
-1.637764
-1.160606
-2.008068
1.194847
-1.237663
-2.996085
-1.596714
0.009904
-2.364502
0.920036
-2.080284
-2.840080
-0.323051
-1.856033
1.526405
-2.279087
-2.193542
-0.030804
-2.753487
-2.345512
1.863922
0.525734
1.077255
-0.296150
0.659121
1.305473
0.135620
-2.124731
1.585728
-0.607788
-1.769390
-0.201553
-2.564629
0.672905
-1.156433
-2.633863
-2.002663
1.648785
-2.908108
-0.689835
-1.710976
-0.854935
-1.189301
-2.481842
0.276939
-2.360996
1.178619
-2.934536
0.632099
-0.693871
-0.938202
1.709595
0.770706
-0.786457
-1.000311
-0.959685
-0.050797
0.198845
-1.132706
1.479307
0.506622
1.596291
1.870369
0.681259
-0.095749
-0.680965
-2.129395
1.160342
-1.534054
1.777084
0.040817
-0.075863
-0.282104
-0.428421
-0.274499
1.400021
1.481049
-2.534874
-1.794270
1.670258
-0.817345
0.698608
-2.759422
-1.839748
-1.098640
-0.642059
-0.129524
-1.255936
-0.503670
0.816238
-1.489956
1.829933
1.855881
1.111580
-2.147587
1.200211
1.270561
1.920662
-1.802586
0.022133
-1.416328
1.687654
-2.109525
-2.854046
-2.579785
0.035320
-2.664024
0.709011
-1.254230
-2.615051
0.390961
-1.857063
-1.316074
-0.628788
-2.629269
1.096649
-0.035439
1.609558
1.047691
-0.453861
-0.506744
0.259865
-1.455284
-1.293472
0.909706
-1.917305
-0.167030
-0.200165
-0.954191
1.599297
-0.139919
1.179317
-2.178528
0.683296
-2.226753
-2.117058
0.354225
-2.950778
-0.576790
-0.980183
0.915993
0.577248
-0.219953
-0.718605
1.877975
-0.423130
-2.047866
0.074371
-2.703594
-1.137560
1.826468
1.035431
-2.774259
-0.105892
0.562256
0.743019
-1.248123
-1.727921
-0.314888
-0.143660
0.817471
-2.552158
-1.716377
-0.009987
0.584526
1.247814
-1.248273
0.184242
0.848030
0.093063
-0.216766
-2.666817
-1.453979
-2.843979
-2.620178
-1.326099
0.459394
-2.989601
-1.470261
0.532700
-2.903164
-2.607384
-2.762962
1.464024
-0.962379
-1.211151
-1.967230
1.679174
-0.139847
0.671257
-2.898449
-1.114899
-2.486893
1.459625
-0.476540
-0.929869
1.789200
1.522909
-0.011574
-1.865768
1.164665
-0.801003
-2.329315
1.185326
-0.569359
0.017768
0.369179
-2.247490
-2.962885
-2.304962
-0.066887
0.771217
1.349108
-0.966988
-2.556629
-2.474743
1.782516
-0.769966
-2.712893
-0.465219
0.037914
-0.470863
-2.494150
-0.940598
-0.579266
1.659096
-1.820267
0.865979
-1.274689
-1.189079
0.497096
1.063816
-1.718498
0.198099
-1.753849
0.898720
-2.556934
-2.115929
-1.294014
0.309715
-1.139107
-0.215965
-2.555656
-0.112152
0.211708
-0.522488
-0.771774
-1.495693
0.778656
-1.996639
-1.173633
-1.165028
0.518166
1.518875
-1.679047
1.448589
0.466965
-1.651054
-1.746693
-2.104797
1.498631
-0.437820
-2.233307
-0.783116
-0.154694
0.870901
-1.453938
-2.927429
1.641754
-1.882544
0.845234
1.849323
-1.917450
1.084832
-1.198914
-2.111454
-2.203255
0.885071
-2.095417
-0.827091
1.703064
-2.450630
0.263851
1.428619
-1.477269
-2.085716
-0.434769
1.138939
1.275734
-2.770195
-1.298016
1.328461
-2.318069
-0.435265
-2.242828
0.613152
0.503448
-1.399086
-1.790855
0.874302
0.779274
1.968231
-0.990784
0.435703
-1.441048
0.203125
-1.405231
0.315250
1.171444
-2.976501
-2.470184
-0.820023
-0.241623
0.774628
0.785070
-0.568626
-0.076220
-2.948952
-0.087282
-2.444962
1.982651
-1.921837
-2.585964
1.673691
0.295704
-0.627682
0.401104
0.763592
-1.668015
-0.598885
1.342957
0.016510
1.501335
-2.128193
0.868769
0.782883
0.217484
-0.689941
-2.283806
-0.905182
1.719025
1.943718
1.738235
-0.317612
-1.763626
-2.812608
-0.774886
0.705521
-0.295944
-0.231083
1.917469
-0.509216
1.647362
-1.676567
1.026005
0.683884
-0.538895
1.096376
-0.441626
0.143089
-0.094592
-0.024726
-1.277223
-2.620453
-1.571213
-1.820633
0.594925
-2.577164
0.219967
-0.652599
1.787277
0.563019
1.189396
-1.382204
1.055550
-0.938049
-0.924889
-2.837784
-2.930250
-0.303841
0.128242
0.974963
0.656693
-0.178925
-0.454365
-2.678086
-1.623787
-0.801867
0.288704
-0.727085
-1.387333
-0.986420
-1.693218
-0.727256
-0.658316
0.587740
-0.906693
-0.878689
0.867597
-0.109764
-0.095360
-2.876038
1.015800
1.782608
-0.570761
-1.825274
0.264374
1.275608
0.093605
-1.060131
-2.114531
0.848999
-2.393883
-1.298786
0.785820
0.461243
1.130647
0.484665
1.065903
0.014091
0.548492
-2.858421
0.352917
-1.523598
0.893372
-1.803322
-2.344369
0.372314
-0.166286
-0.423038
1.322792
1.492947
0.377422
-1.071892
1.184340
0.707001
1.568153
-1.801229
0.907014
0.975712
-1.992573
1.439659
-2.890423
1.710915
1.371346
1.364525
0.305735
1.402313
0.234921
0.115908
1.501450
0.217312
-1.332008
1.681507
-2.985963
-2.590234
1.500406
-0.932205
0.414654
-1.125656
-0.958328
-2.091400
-0.709290
-0.052485
0.623718
-2.303973
-2.823090
-1.755020
-1.233253
0.381104
-1.391769
-0.925583
0.128914
1.189524
-1.412430
-0.121178
0.391220
1.738636
1.322506
0.392731
-2.389824
-1.841667
-0.831894
-0.200733
-0.718552
1.413026
0.927940
1.031921
1.315824
-1.205383
-2.281349
-0.297894
1.591576
-0.755424
-2.081690
-2.030441
0.518900
1.411400
1.383194
1.322174
1.466553
0.224991
-1.948093
1.130630
-0.421293
0.423905
-2.247469
-2.537071
-2.465595
-1.782227
-2.109570
1.366955
-2.425781
-2.108513
-2.685345
1.589043
-1.420860
1.850517
1.356094
0.044540
-2.867500
1.954975
0.336205
-1.707809
0.274853
-1.274860
1.686584
1.335674
-1.763573
-2.559199
-1.672050
-0.640511
-2.085397
0.107559
-0.182896
0.963501
-0.093475
-2.619167
1.423927
0.983718
-0.899662
1.533386
-2.894749
0.549377
0.846077
0.880702
-2.958691
-1.120583
-2.695854
0.010059
-2.434853
-0.580563
1.662048
-0.042416
-0.747213
-2.319340
-2.324755
0.342693
0.504288
0.031551
-1.039032
-0.356968
-2.806435
0.527405
-0.574059
-0.412941
0.363602
-2.614365
0.764736
1.662846
-0.639626
-0.693023
0.288063
-0.534454
1.600748
0.294785
1.167183
-0.065941
0.011421
-0.907101
-1.007195
0.496567
1.466244
-1.199209
0.364075
1.716374
-2.938801
-0.841364
-0.246257
-0.121403
-1.297653
-0.955039
-2.291962
-2.216259
-1.408428
-0.673233
-0.840939
-1.355900
-2.342857
-0.565770
-0.263096
1.545767
0.557724
1.767498
-2.996773
-1.684288
0.345657
0.045975
1.329651
-1.536785
0.675510
1.277756
1.725203
0.129440
-1.815491
-1.601654
-2.113457
0.707878
1.194007
-1.956490
0.011196
1.186485
-2.865929
-1.882179
-0.681145
-0.769669
-1.519999
0.003559
-2.186279
-2.524338
0.329571
-1.252613
0.046150
-1.931122
0.758896
-0.659191
-2.823242
1.900108
0.234887
-0.677472
-1.568375
-1.696087
-0.761017
0.453087
1.314156
-2.563820
1.445040
-2.343742
1.564648
0.411345
-2.355103
-1.475998
0.411955
1.666390
1.353922
1.397545
-1.747253
1.923748
1.079363
-1.693838
-0.283954
0.286041
0.101941
-0.222231
-2.570297
0.559914
-1.685769
0.692711
-1.637604
-2.148413
-0.330338
-0.982464
0.017624
-2.562184
0.329475
1.008305
-1.971794
0.576986
1.719810
0.409063
-1.901684
-0.736492
1.009369
-2.037766
-1.938606
-0.229647
-2.030926
0.965569
0.749195
0.548576
-1.728685
1.282124
-2.890106
-1.368664
-1.396172
-0.227692
-0.442047
-0.681015
1.302998
-0.386421
0.224350
-0.607067
-2.243984
0.911880
-0.131844
-1.926743
0.836334
-1.399391
0.796776
1.778904
-1.625410
0.421272
-2.476486
0.152245
1.125620
-2.891323
-1.035881
-1.137512
-2.447132
1.870882
-2.043540
-0.807816
-2.882351
-0.465126
-2.777634
-1.774223
1.083313
1.348461
-2.143196
1.399719
1.163585
-0.634499
-2.325480
-1.467819
0.791945
1.646763
-2.523037
-1.581810
-0.989723
0.182735
-1.006271
-1.230904
-1.253983
-2.230438
-0.955654
-0.043091
-2.642309
1.605927
0.578934
-2.830959
-1.679319
-1.866596
-1.021561
-0.863129
1.210648
-1.319836
-0.680347
-2.921509
-2.726545
-1.459270
1.027206
1.387077
1.987526
-1.922382
-1.546669
0.510406
1.444481
-0.680794
-2.638687
0.554909
-1.364899
-2.869899
1.111046
-0.129021
-1.817375
-2.682270
-2.163728
-1.917107
1.150751
-0.428154
-2.766313
1.174513
-2.774765
-2.386021
-1.304249
1.681286
-1.348057
-2.891769
0.849106
-1.387230
1.677578
-1.035080
-0.416573
-0.523016
-0.809021
-2.956810
-0.240211
0.396523
1.718619
0.368229
0.499084
-0.740379
-1.207150
-2.049255
1.383614
-1.282730
-2.622177
-1.540581
-1.954033
-2.048630
-0.997475
-1.194054
-1.711739
0.423122
1.532990
-1.597839
-2.927407
0.537394
0.972740
0.152931
1.844505
-1.603767
-2.556821
0.075157
0.921021
-1.661934
0.836807
1.831444
1.828231
1.932953
-0.500761
-1.957076
-0.752274
-0.558792
-1.535410
-2.542618
1.437459
-1.405342
-1.190556
-0.627968
-1.756306
-0.478455
-2.130623
-1.329746
-2.636986
-1.886005
-0.239222
0.040535
0.501152
0.027519
-2.701790
-2.605736
-2.107925
-0.940934
0.772163
-0.087448
-1.029371
0.611214
-1.518877
-1.378891
-1.279289
-0.023884
1.127235
0.355669
-2.796523
1.617512
-2.768074
-2.468838
1.580154
-2.652695
-2.636879
0.235578
1.099655
-0.085194
0.249641
-0.419147
1.177132
-0.290493
-0.936115
-1.875905
0.394188
-1.251724
0.734581
-1.087791
1.905975
-1.216103
-1.025314
1.947746
-2.578426
1.170334
1.665129
1.715332
-2.812557
-2.388445
0.456947
0.679367
-1.043844
-2.626884
-1.164716
-2.475536
1.048918
-2.137009
-2.972687
-1.533249
-1.030270
-2.999373
-2.050104
-1.244392
0.092957
-0.761887
0.412422
-0.323322
-1.350594
-2.604530
-1.700813
-1.421169
-0.374130
1.644313
-1.729534
-2.546715
1.385109
-0.971581
-1.882246
0.340491
-1.906265
-0.209415
-1.425254
-1.325622
0.591194
0.623116
-2.115143
0.302055
0.321533
1.611053
-1.992836
-0.563349
-1.770477
-0.241592
-2.398838
-1.588692
0.438602
0.682201
-0.032921
-2.640854
1.848183
-1.638248
-2.274368
0.713461
0.531277
0.026199
0.008484
-0.076421
-2.293755
0.438370
-2.816650
-0.832132
1.736908
-0.533722
-0.250069
-1.645073
-1.476588
1.994720
0.244160
-2.832162
1.465239
0.732548
-0.793571
-2.374067
-0.212715
-2.478035
-1.798952
0.534908
0.320141
-1.403000
-2.040778
-1.466690
0.116867
-1.392625
-0.042995
-1.736954
-0.315544
0.213634
1.634983
-0.947388
-0.868111
-2.143845
0.015099
0.502602
1.621410
-2.130028
0.178345
-0.229305
-1.799629
1.606056
1.576897
-0.408935
-0.257965
-1.707375
-1.283554
1.918991
-1.853233
-0.712057
-2.854340
-0.779360
-1.537060
0.448196
-0.853743
0.988407
-2.661362
0.165997
1.277958
-1.365791
0.880944
-2.163677
-1.518494
1.371578
-0.734684
-2.802821
0.211296
0.706459
-1.355927
0.650368
-2.254776
-2.755890
-0.004784
-2.976743
1.689123
-2.590746
-0.196244
-0.120674
1.814407
0.978910
-0.638809
-2.268575
-0.335258
0.133230
0.465752
-0.911118
-2.958755
-2.711193
0.500816
0.225712
1.225610
1.266556
-2.306927
-1.168560
1.479362
-2.822426
-1.979979
1.489811
1.134166
0.325653
-1.273046
0.052721
-2.306442
-1.139763
0.056873
-0.015488
-2.410709
-2.096122
-2.922459
-0.928848
-1.926941
-2.209406
-1.280529
0.287460
-2.132351
-0.283318
1.534466
-0.489662
1.271976
1.717125
0.836458
1.135292
-0.088074
1.910564
1.909048
-2.233835
0.286768
0.950157
-2.984169
1.931767
0.999405
-1.155830
-1.314098
-2.188362
-1.037403
1.835135
-1.948017
-1.820442
-2.614054
-1.409676
1.869764
-0.217674
0.882911
0.478687
0.128559
-0.527103
-1.137115
-2.812279
-2.234954
-1.158161
-2.892257
1.875412
-1.950342
-2.310836
-1.872498
1.930794
0.471355
-1.344070
0.959518
1.032204
-1.015091
0.155655
-1.084789
-2.350327
-1.364849
0.764630
-0.454300
-2.261414
-1.057671
1.200941
0.574072
-0.849754
-0.885218
1.016594
-0.910431
0.964466
-1.714325
1.490005
1.420175
-2.643150
-2.637413
0.431532
0.255726
-0.430136
-1.409740
-1.024140
-1.630322
0.282356
-0.739971
0.106915
-0.118217
0.075386
1.092194
-0.447392
-1.297913
-1.380322
1.205414
-0.484249
-2.590912
-0.965387
-2.213280
1.474209
-1.925848
-2.451059
-1.069321
0.140070
-0.777222
-1.018768
-1.925331
-2.704536
0.228943
-0.187722
0.274754
1.122955
-0.570816
0.837059
1.238960
-2.041428
1.487583
-0.368530
-1.274174
-2.776039
-1.518883
-1.856663
-2.585876
1.107399
-2.026902
1.338282
-2.776833
0.789127
-0.178093
1.549308
-1.642602
-2.836587
1.407738
-2.694084
0.785503
-0.005711
1.327759
1.401310
-1.742775
0.027969
-0.217506
0.494453
1.695980
-2.782049
0.090569
0.194674
-2.796808
0.029366
-2.821243
-0.611031
-2.109310
-1.444378
-1.590118
1.120501
0.573536
-0.514629
1.398724
0.604301
0.814568
-1.523262
-2.982483
1.845470
0.366398
-1.383568
-1.087930
0.734864
-1.151314
-2.092922
0.556240
-2.302322
1.656960
1.394508
1.079367
-1.131607
0.045578
0.628792
-2.132742
1.390038
1.565536
-1.145943
-1.839954
-0.421463
-1.898861
-1.539635
-2.260429
0.322227
-1.998768
1.956348
0.256279
-0.369144
-2.679517
-1.447922
-1.929573
1.660091
-2.214455
-0.288429
-0.413261
-1.717823
-2.145231
-2.148956
-1.523949
-0.245525
-0.048798
1.349770
-2.656796
0.244743
-2.312088
1.884785
0.140732
0.359215
0.868898
1.199387
1.905037
-2.619804
1.221470
-1.625916
-0.319588
0.323498
-1.224949
-1.175444
0.025208
1.046021
1.406828
1.570353
-1.492805
1.501534
-1.325794
-1.650879
1.074654
-1.188240
-2.940880
-1.037865
-1.701092
-0.648067
-0.838949
-1.009449
-2.435544
-2.780947
1.585968
1.565891
-0.596928
-2.464428
0.336578
-0.952549
-2.724380
-0.136349
-2.256367
-2.599518
0.724918
-0.927406
-2.780878
1.019976
1.935875
0.943562
-0.001129
-1.019318
0.489441
-1.646851
1.545815
-0.961151
-2.430595
-1.549431
1.749760
-0.594666
-2.173038
-0.211235
0.250107
-0.113655
1.937317
0.934109
0.378334
0.106775
0.397705
-2.457825
0.912327
1.340179
-0.471855
1.650875
-1.550723
-1.369499
-1.595886
0.055634
-2.426735
-1.731926
-0.593735
0.312875
0.798775
1.950394
-0.700546
-0.496372
-0.907028
-2.668388
-2.007895
-0.978453
-1.827225
1.684975
1.875046
0.934853
0.468849
1.474026
0.050419
1.893677
-2.214867
-2.259167
-2.962784
1.432217
-0.224495
-2.142136
-1.350983
-1.854046
1.308472
0.056519
-2.038025
1.502518
-2.800903
0.676367
-0.026039
-0.096934
-0.511436
-0.784134
-2.124718
-0.107262
0.036092
-0.975700
0.841898
-2.266269
-0.734692
-2.496574
-1.169708
1.597633
-2.168102
-0.751053
-0.580740
-1.900532
-2.589336
-2.090248
-1.302609
1.441965
0.393745
-2.801994
0.228977
1.203087
1.625977
1.664581
-1.985101
-0.509346
-2.719917
-1.281685
0.230476
-0.401409
-2.574516
1.496967
-0.781012
1.724056
-0.684116
-1.973238
1.754655
-1.879936
0.686722
-0.599617
1.647465
-1.767807
-1.004896
0.373451
0.907562
-1.705475
0.793343
1.009460
-0.262268
1.456463
-2.708327
1.155098
1.614805
1.939026
-1.525837
1.727345
-1.521198
-0.421227
-1.888527
1.939377
-0.313873
-2.190132
0.957024
-2.298811
-2.657536
-1.144417
-0.855278
1.290198
0.231333
-2.696579
-2.532020
-1.624222
0.069160
0.527649
-1.217361
1.835167
-1.954964
1.195531
-1.221588
-2.960583
1.864849
-2.864566
-2.641571
-1.518454
-1.295048
1.175362
0.813999
1.552406
-1.744888
-2.172554
0.158249
-2.526936
0.628487
-0.856791
-0.485435
-1.671730
-2.200039
-2.187084
-0.827019
-1.649109
-0.957716
-2.338938
0.636065
-0.746284
0.952942
1.133911
1.916416
0.456070
-2.217407
-0.311512
-2.654362
-0.561127
-2.059372
1.407326
-2.793175
-1.098333
-1.795219
1.020554
-0.721077
-1.379845
0.342388
1.959091
-2.520287
1.788773
-2.499611
-2.305294
1.708794
-2.068115
-1.916988
0.222710
-2.870369
-2.971695
1.933268
-1.200386
-0.496190
0.710308
-1.110603
-1.453594
-0.506840
-2.990171
0.766977
1.170502
-2.372223
-2.801272
-0.461281
-0.316608
-2.034562
1.136587
-1.840538
-0.856731
-1.890987
-1.887508
0.219936
1.759026
-2.382946
1.336845
-0.558048
1.544746
0.604409
1.283478
-1.654190
-0.397964
-1.443045
1.453125
-0.158558
1.864433
-0.251380
-1.936905
0.610065
-0.826569
-1.678637
0.363239
0.597389
1.070229
-1.727257
-0.566389
-1.304665
-2.553543
-0.799553
-0.552452
-0.449791
1.944096
0.150892
-0.391075
-1.900031
-2.125175
-1.474129
-0.521400
-0.212784
-0.422565
-1.926720
0.943401
-1.107486
-1.844105
-0.167908
-2.255104
0.569038
-2.624893
1.015465
-0.894779
-1.396042
-1.230522
0.664398
1.444947
-1.101013
0.963387
1.294084
1.883110
1.423988
0.141412
1.616405
-2.569153
-0.057382
-1.071274
-0.101635
-2.598381
-2.343037
1.706123
1.194778
0.342346
-1.926224
-0.301651
-1.683392
-0.832000
-1.068901
0.158615
-1.719814
0.600164
-1.814224
1.161446
-2.103960
-1.323917
-0.509460
-2.384270
1.811035
-2.024731
-0.291126
0.045109
0.429085
-2.189827
-1.541645
0.437180
-0.039635
-0.430038
-1.516388
-2.158564
-0.947853
-1.418251
-2.993244
1.332152
-2.510468
-2.931551
-0.998600
-2.771253
-1.518051
-0.298517
1.739216
1.078708
-0.148094
-0.987419
-2.914825
-1.782532
-1.529800
1.690392
1.375460
0.805687
0.541138
0.510651
-0.877472
1.933121
1.556435
0.522469
-2.419172
0.009171
-1.113224
-2.528015
-1.419384
-0.875320
-0.154388
-1.228025
0.262497
-1.817501
-0.027370
-2.842173
-2.094038
-0.011391
-2.175945
-1.078648
-1.670445
1.512016
-2.635391
-1.028038
-0.207817
-1.470997
0.423445
-1.606796
-2.840195
0.193485
-0.754601
1.261124
0.870377
1.573574
1.820179
-0.824303
0.842920
-0.407104
0.433449
-1.777206
0.369064
-0.967018
-1.090897
-0.714386
-0.532875
1.286530
-1.310516
-1.658161
0.062218
-1.930611
0.904327
-0.725853
1.030205
-0.330441
0.577377
-2.026962
1.029488
-0.664505
1.999605
-1.857975
-2.049068
-0.876160
0.736771
1.975182
-0.016477
-2.641106
-2.782627
-0.245114
0.516132
1.675743
-2.057159
-2.379810
0.495781
-1.666985
-2.155064
0.738260
0.822269
0.208294
-2.942581
-0.340611
-1.641205
0.228595
-1.710735
0.927814
-2.634598
-2.366802
1.988007
-1.575188
-1.363417
0.374493
0.138680
0.811554
0.166115
0.364531
-1.465111
-2.905609
0.715645
-1.927643
-1.938049
0.685068
-1.660145
1.015388
-0.069389
-1.814720
0.555645
1.732775
1.364433
-2.983391
-1.638344
-0.342030
1.359051
-1.174976
1.749172
0.534576
0.219109
1.166943
-1.556648
0.445459
0.554672
-1.486980
-1.450859
-2.155037
0.818233
0.899998
1.277290
0.354652
0.731758
-1.120205
-0.710981
0.817436
-2.864113
-1.425995
1.648575
1.260845
-2.221157
0.000290
1.331650
0.946844
0.589073
-2.715042
-0.954330
-0.021221
0.088909
-1.381538
-0.075974
0.371719
-1.208258
1.629166
-1.444481
-0.622765
-1.012817
0.499714
-2.158068
-2.681702
1.478086
0.628101
1.630332
1.616600
-2.153221
0.590660
0.277878
1.603005
-0.293671
-0.168465
-1.213577
0.215759
1.220243
0.088104
-0.702866
-1.699686
-0.776016
-1.891731
-2.098927
-1.700985
-0.047184
-1.956547
1.883873
-2.185982
-2.176769
-0.480762
0.499901
0.874527
-2.648148
0.339981
0.906101
1.718933
1.202423
-0.328896
0.867035
-2.167145
-1.180588
0.390484
-2.882858
-1.166677
1.345123
-2.325233
-1.054668
-1.412514
0.502518
-1.643860
-1.079697
0.290306
-2.777168
-1.176018
-1.289925
1.838570
-1.192513
-0.111198
-2.765923
-0.370657
-0.938278
0.854877
0.271957
-0.209326
-1.639236
-1.943707
-1.393463
0.676735
-2.792080
1.523010
1.693050
-0.471905
1.284042
0.408120
-2.129841
0.952736
1.648987
-1.686737
-2.732929
-2.042374
1.442245
-1.917145
-0.609344
-0.468864
0.413231
-0.659554
0.996803
-0.752495
-1.328442
1.557732
-2.733387
-0.423729
0.476069
0.466046
-0.173000
-2.894516
1.403023
-0.099411
-2.666832
-2.825207
-0.747513
-0.215499
1.868263
1.110168
-1.029549
-1.803230
1.548721
-0.454201
0.584755
-0.308987
1.822266
1.901333
-0.472046
1.367737
1.886225
1.398918
-2.622319
1.766937
1.548771
-2.417709
1.823250
0.495186
-2.434188
-1.015686
0.780722
-0.696327
-0.132469
1.086004
-0.098988
1.598236
-0.221195
0.640968
0.834808
-1.084335
1.127056
1.496181
0.771424
-0.156830
-2.298840
-0.403069
-2.391939
-1.412827
1.884605
-2.498978
-1.990082
0.769642
1.367287
-2.413231
-1.353407
-1.647255
-1.784029
-1.333141
-1.718422
-1.987232
-1.123505
1.681313
-2.722424
1.977783
-1.096340
-2.497844
0.381108
-1.175224
1.955393
1.447665
1.441940
-0.208199
1.284828
-0.497429
-0.239876
0.319740
0.698753
-0.706169
1.375427
0.746057
0.215324
0.845089
-1.206169
-0.622301
-0.949921
-0.696865
-0.194962
0.639111
-2.179077
-2.271969
0.931618
1.938721
-1.192284
1.913437
1.993744
-2.033936
1.625959
0.364822
0.132530
-2.904377
-2.930435
0.818771
-1.354031
-2.807877
-0.472558
1.213272
-2.292371
-1.412239
0.780472
0.277340
-0.404675
-0.566883
1.985270
-1.571831
0.273693
-1.664188
-1.121616
-2.845543
0.967466
-2.293152
-2.963211
1.908310
0.412651
-0.839027
-2.235023
1.632706
1.843971
-0.369194
-0.450836
-2.498764
0.955841
1.753082
-2.001909
-2.028010
-2.024551
1.213408
-2.680792
-0.189985
1.945076
-0.412344
0.485176
-0.143997
-2.132629
-2.148018
-2.389050
-2.906593
-1.778158
0.951168
1.205444
-2.353167
-0.837860
-0.702385
1.271706
-0.732342
-0.698116
-0.116222
-0.606461
1.050644
-1.037804
-1.586391
-0.184772
-2.898983
-2.865662
1.574135
0.525205
0.279274
-1.198959
-2.197483
-0.207050
-1.033501
0.507812
-1.001282
-2.269547
1.440063
-2.287212
1.662460
1.329776
1.158997
0.118675
-2.044884
-0.330174
-2.105042
1.339600
1.784958
-2.398039
-2.421623
1.384506
-2.080063
-2.452618
-2.509750
-1.333941
-2.671989
-2.203178
-0.599251
-0.580334
-0.538317
-0.975807
0.778397
-1.420841
-2.608794
0.591293
-2.677670
0.727604
0.668064
-2.243549
-2.911784
-0.081539
-2.024467
1.672267
-1.553098
1.641041
0.036728
-1.244167
-1.900478
-2.153481
0.143181
-1.435417
-0.359848
1.173241
-0.571636
1.996208
-0.107658
1.843935
-0.081882
-1.480171
0.088303
0.374828
-1.827271
-2.592272
-0.877407
-1.049086
1.020821
1.989975
-1.056118
0.284294
-1.759197
1.864349
-2.838533
-0.930908
-0.650635
-0.293493
-0.222630
-2.438301
0.865959
0.873302
1.265263
-0.554718
0.281694
-1.180130
0.293089
-2.892649
1.713633
0.807884
1.152256
-0.007563
-1.603287
1.161528
1.285299
-2.602554
0.513021
-1.711555
1.552635
-2.223404
-0.155774
1.784607
-2.490051
0.385147
0.037132
-2.268471
-1.938828
1.105804
-2.378948
1.672928
-0.499298
0.503426
1.439929
-1.851646
1.770554
-1.900864
-1.117376
-1.758736
0.527275
1.930470
-0.856216
-1.996361
0.193581
1.125440
-1.749538
-1.029137
-0.110085
1.368118
-0.135288
0.067825
-0.970676
1.259377
-0.121910
1.749752
-1.012390
-2.302795
-0.799843
0.993858
1.059692
-2.546555
-0.892899
1.925228
1.263849
-2.980774
1.812035
0.256483
0.183517
-1.707428
-1.280781
1.604897
-0.309971
0.702393
-2.062950
0.844952
-1.740222
-2.745277
1.505455
-2.321526
-1.725853
1.893127
0.756844
-2.093056
0.096611
-2.172821
0.086075
1.162186
-2.628235
1.927315
-2.600999
0.021908
-2.895592
0.189724
-2.410622
1.856951
0.668816
-0.963264
-2.257641
-1.992014
-1.168304
-1.782829
-1.498520
-0.374248
-2.621071
-1.211128
-1.650276
0.338829
-0.580917
-2.674616
-1.984148
1.702248
-1.038292
-1.324959
0.599672
1.294411
0.731323
-0.642891
-2.181591
-2.882149
-1.488541
-1.672609
0.730211
-0.496891
-0.389412
1.238474
1.436478
0.421215
1.703273
1.712532
-0.171173
-1.687977
0.960720
1.053888
-2.948751
-2.387316
-0.608030
-0.651474
-2.975590
1.451336
-2.481544
-2.734679
-2.751263
-2.150444
-1.724838
-0.670536
0.168554
0.486656
0.041176
-2.227844
-1.851251
0.446478
-2.302467
-2.107830
-2.135193
-0.967678
-1.316658
-0.087204
-1.144676
0.103378
-0.473381
-1.877882
1.950661
-2.469227
-2.605885
-1.075760
-2.944702
-2.243034
0.126516
-2.659477
-2.701401
0.553719
-0.864429
-0.781452
0.911812
-1.902344
-0.697739
-0.776985
-0.299458
1.747772
-1.592865
1.288048
0.916340
-2.314449
0.654495
1.810436
0.603016
-1.024540
-0.872772
-1.965746
-0.658081
-1.898430
-2.990779
0.544540
1.401466
1.970718
-0.510117
1.718573
-1.103251
-0.498184
-1.454683
-2.109894
1.083145
-0.103195
-1.357838
0.905365
-1.442059
1.396912
1.080135
1.598679
-1.924248
-2.182236
1.764376
0.984859
0.075657
-0.975494
-0.655281
-0.255600
-0.013416
0.796608
-0.085094
0.677376
-2.281829
-1.501751
-1.938389
-0.445015
-1.995136
1.417862
-0.594181
-0.447094
-0.027157
1.213089
-1.322338
-2.625303
1.224106
-0.624790
-2.001621
1.863663
1.452034
-2.920341
-0.677105
1.323639
-1.218258
-2.115562
1.673374
-2.475045
-2.273851
-1.653339
0.171246
-0.164467
-1.104324
0.145180
1.864941
1.352768
1.829327
-1.930954
-2.597130
0.443010
-1.527649
1.582378
-0.912807
-2.661278
1.435684
-2.568218
-2.845276
1.546597
1.603615
0.291117
-0.783401
-0.735565
-2.458540
1.181679
0.698540
-2.769711
-0.661217
-0.740221
0.280609
0.163738
-0.060318
-2.592293
0.735023
-2.530106
-0.454254
0.144066
-1.471161
-1.875190
-2.849873
-0.030102
-1.882713
-1.745338
-2.677528
1.450554
-2.449562
-2.784351
1.698318
1.749489
-2.943045
-2.477577
-2.892652
0.801281
0.905464
0.605392
1.074852
-2.762482
-2.304174
-2.563145
-0.827976
-1.959024
1.638191
-0.749268
-1.677143
0.944046
0.255117
-1.262985
1.020559
-2.428649
-2.110806
-1.057755
-2.199783
1.750616
1.548080
0.214897
-2.248167
-2.878098
0.541573
-2.693798
1.159012
-1.955898
-2.286587
-0.186811
1.246719
1.598129
0.897335
0.239441
-2.733730
-0.523636
-0.390060
0.190609
1.746204
-2.694836
-0.882977
-2.138199
0.755124
0.027840
1.685188
0.302824
-2.871456
-1.506567
1.513330
0.805866
-0.309212
1.209736
0.698725
1.717766
-0.019867
-2.797714
1.900992
-2.008236
-0.442125
0.740300
-2.518684
1.263981
-1.038361
-0.841629
1.643552
1.748127
-2.936485
0.593578
-0.074572
-0.719717
-0.337540
0.172913
1.440338
1.209854
-0.769562
0.224442
-1.302940
-0.490112
-1.546337
1.001968
0.775742
-0.340958
-0.728111
-0.458153
-2.557335
1.124275
-2.811661
1.112823
-2.118660
-1.240635
-0.163506
-1.244186
1.689880
0.610128
-2.573097
-2.169746
-0.120453
-2.470268
-0.978088
0.857052
-2.565166
-0.879282
1.072510
1.958595
1.929840
-2.402584
-0.664062
-2.601517
-0.506225
-1.570343
1.497639
0.702016
1.161606
-2.542183
0.113274
-2.338341
0.142254
0.199883
-2.244469
1.820854
1.398100
1.804077
-2.602742
-0.607549
0.386162
0.266472
1.069481
1.621635
-2.668922
-1.320440
1.779346
1.093807
1.429367
1.076183
-0.175968
1.838970
-0.504303
-1.206509
0.502078
1.579384
-2.324909
-0.339424
0.364616
-2.538437
-1.984728
-1.792179
1.792374
-0.732162
-1.732790
0.682865
1.887151
-1.721054
-2.775242
-1.466537
-0.043030
-2.207748
-2.447587
1.072205
-1.098907
0.807909
-0.659660
1.835665
1.448280
-2.393534
1.474270
-2.102394
1.938286
-1.457138
-2.153194
1.326691
0.026939
-0.178070
1.581810
-1.286583
-2.822842
1.096024
-0.126316
1.060036
-0.728268
-2.834259
0.028034
-1.095779
-1.756119
-1.830081
-0.869133
-1.496468
-0.453541
0.556595
0.924091
0.034523
-0.128735
0.351374
-0.561275
0.493202
0.543671
0.411091
-2.501450
-2.643452
-2.690331
1.342075
-0.090853
-1.265572
1.523106
-2.815914
1.589806
-2.979134
-0.183683
0.876945
0.949379
0.738503
1.614086
0.351746
-0.728201
-0.096642
-0.666153
-1.642502
0.643330
1.318073
-2.137897
-0.877155
-2.018749
-2.453209
1.121773
0.501190
-0.892166
-1.986988
-1.460846
0.778346
1.494698
-2.133718
-2.782749
-2.499490
0.467331
-2.759235
1.027805
0.714508
0.262878
-1.673325
-2.126717
1.915821
-1.116135
-0.314114
1.745018
-0.031967
-0.012533
-2.561440
-0.186676
0.541523
-2.137131
1.219101
-0.824051
-2.316940
-2.875107
-2.293392
-2.834602
-0.785225
1.902451
-2.818733
0.499916
-0.795418
1.339813
-0.990540
-2.556169
-2.735129
-1.277519
1.365837
-2.512989
1.972134
-1.372042
-1.848614
-2.324566
-1.325432
-0.538527
-0.636784
0.775909
1.442520
-0.040215
-0.402708
-0.627155
-1.264881
1.063424
-2.245678
0.567991
-1.674446
1.468796
-0.313881
-0.968807
-1.444382
-0.558174
-0.489983
-2.104347
0.460068
1.120880
1.579201
-0.934311
-1.834045
1.289703
-1.944847
-0.576965
0.977432
-2.137970
-2.105904
-0.386002
0.102645
1.835373
-2.926865
1.407143
-1.397169
0.008242
-0.930584
0.095074
-0.774483
0.316816
-0.292240
-1.915787
-1.931492
-0.775761
-2.590503
-0.967751
0.679769
0.244339
0.140652
0.780167
0.997108
0.409210
0.421825
0.749985
-0.927582
-1.079033
-0.662971
-2.285698
0.662205
0.704632
0.050423
-2.014778
1.905869
1.502113
0.459121
-2.322556
1.016464
-2.356216
-1.787979
-0.660019
-2.169662
0.958084
0.643553
0.135342
0.318398
-1.778244
0.563557
-2.298304
1.732101
-0.066048
-2.354660
-1.612427
0.592476
-1.755142
0.041557
-2.112839
0.886101
-2.207275
1.095627
1.803471
-2.725965
-2.572601
0.296450
-2.533829
-1.992054
1.370674
-0.909206
-0.423943
0.569260
0.310738
-0.822374
1.353276
-1.619063
-2.079666
1.175835
1.604111
0.421730
-2.491211
-1.044930
-2.754683
1.752403
-0.117714
-0.716904
-1.512775
-1.052498
-2.498043
0.908081
1.557961
1.095703
-0.937782
0.437747
-1.834244
-1.278061
1.929745
0.213902
-1.541595
-1.098724
-2.049281
-0.146589
-0.259045
0.163666
-2.383331
-1.767365
0.405327
-1.074165
-1.266510
1.682625
-2.229383
-2.403774
-0.726456
1.748642
-1.283188
-2.274231
-1.232574
-1.113655
-0.596366
-0.553410
1.717178
-0.773659
1.414047
0.615700
0.216454
-1.645599
0.520527
-0.296820
1.695723
-1.606190
-2.008703
1.864227
0.030411
0.792427
0.211021
-2.607248
-2.341957
-0.000450
-1.915123
-2.206310
-2.531595
0.340633
-1.316826
-0.517303
-2.425751
-2.752641
1.406631
-2.499825
-0.046902
0.009244
0.726601
0.789581
-0.634998
1.393173
-1.049133
-1.008514
1.205902
-0.638748
-1.131531
-1.319092
-2.084099
0.575140
-1.522984
1.496458
-2.844039
-0.434715
0.774082
-1.482811
1.497161
-0.190941
0.388084
1.386194
-0.298714
0.214249
-1.115532
1.962791
0.465385
0.116386
-1.080727
0.656303
1.740555
-0.619053
-1.546486
-1.182587
0.600311
-1.514816
0.559437
-2.749039
-0.241562
-0.162129
1.908539
-0.529707
1.089725
-1.111389
-2.978493
1.227993
-2.007445
-2.169235
-2.668817
0.511993
0.859818
0.941036
-1.902884
-1.980255
-1.402534
-2.557846
-1.839967
-1.746933
0.411797
-2.750603
0.540714
0.786469
-1.712883
-0.728144
-0.364556
-1.964321
-1.393654
-0.876923
-0.712151
0.536713
1.721313
-2.879765
0.156094
-1.450056
1.908855
-1.800640
1.188492
0.911278
-0.381496
1.782204
-1.982414
-1.459557
1.179337
-1.351120
1.450920
-0.294823
1.456532
-2.063980
-2.516968
-1.512421
-2.228264
-1.940605
-1.537254
1.216562
1.223785
-2.085517
0.321205
-1.866192
-1.501492
-2.290235
-0.549980
-0.467857
1.555542
-0.606560
1.691742
-0.620068
-2.140808
-1.893044
-0.376019
-2.566706
1.082626
-0.169886
-0.872185
1.221172
-0.386223
-1.732826
0.368446
-0.235001
-2.049179
-2.369562
-1.130104
1.409786
0.093857
-1.280052
-0.822777
-2.425962
1.019844
-1.307892
1.533630
-2.205528
-0.237671
-0.420418
1.868965
0.634697
-1.489197
-2.824738
-2.718887
-1.638105
-1.015984
1.174543
-0.503628
1.784561
-0.952187
1.714495
-1.465393
-1.450727
-0.099113
-1.365467
-2.954203
1.065422
-2.630058
-0.140198
-1.324280
-0.119698
1.489655
-0.162064
-1.186302
0.813461
-0.386482
0.543720
-2.975899
0.073223
-1.012611
0.558878
-2.843704
-2.555164
-0.871239
-0.120483
-0.269547
-1.056225
-0.883873
-2.139635
-1.371895
-0.225529
-1.608402
-1.220222
1.095837
-2.186398
-0.842102
-0.915344
-0.492973
0.985367
1.576793
-2.951157
0.726097
1.474476
-2.087090
0.058219
1.461684
-0.940140
-1.047127
-2.234119
1.350044
1.989436
-0.341835
-0.901886
-1.416580
0.834645
1.489460
-1.224041
1.051266
-0.475010
-1.033419
-0.454983
-0.545647
1.341896
1.373833
1.653915
-2.458168
-2.393646
-0.584297
0.339767
-0.742165
-0.429031
-1.226315
-0.470734
0.297298
-0.297581
-2.673260
1.559654
-1.458023
1.215621
-2.700569
1.346693
0.532303
1.033177
-0.118496
-2.258186
-1.055046
-0.664116
1.240522
0.077469
0.470566
-1.948589
0.483488
1.766129
1.486729
-1.296430
0.667061
1.011543
1.140106
-2.393559
1.314358
-1.313614
-1.382996
-0.833969
1.505203
-2.034409
-1.559433
1.185081
0.959274
-0.529800
1.236783
-1.611916
0.880630
0.508303
1.249466
1.473999
-0.526810
-0.231705
-2.808167
-1.576164
-1.027786
-2.848719
-0.235961
1.061855
0.016850
-0.396237
-0.982151
-2.148541
-2.524545
-0.312130
1.996258
1.163399
-0.438103
-2.668945
-2.669579
0.725365
-1.588896
-2.001780
0.388844
-2.159714
-1.108017
-0.932011
0.324081
1.899200
0.498629
1.072941
-1.718399
-1.697136
-2.548231
-1.934257
-0.665543
-1.273136
-1.369183
0.711651
-1.517036
-1.258718
1.658119
0.342659
0.418022
1.019661
0.641602
-2.445320
-0.338226
-2.547306
-1.554405
-0.316558
1.465389
-0.755081
-0.217308
-1.738344
1.365837
-1.572458
-0.061335
-0.847975
0.707916
1.289734
-1.825131
-0.651493
-2.838066
0.948090
-1.647453
-0.399924
0.050980
1.168289
1.726112
0.531845
0.915260
-2.382579
-0.964630
-1.395325
1.772934
-1.243042
1.687286
1.558075
-0.226540
1.616009
-0.152897
-1.629257
-0.657455
0.995237
-0.485115
-1.563770
1.819489
1.186935
-0.352505
-2.282776
-0.549374
-0.165970
-1.847305
-1.002129
1.327309
0.220822
1.699516
-0.208523
-0.633820
-1.900589
0.388741
0.197750
0.482643
1.723915
-1.663147
1.070877
0.394568
0.907555
-1.811041
-1.355553
0.386200
-1.848972
1.734665
-2.497087
-0.157593
0.969460
-0.039988
-1.118720
-0.198625
1.825649
-0.481056
0.947361
-2.542595
-2.451546
0.755816
-1.976444
-1.065548
1.389523
-1.032433
-2.119041
0.642182
0.932020
0.081570
-2.825500
-0.673889
1.464924
-0.341419
-2.180298
-0.163521
-0.150536
-0.977882
-2.274923
0.326523
-0.285967
-2.055447
-0.018734
0.665638
-1.373848
-0.614811
-0.028023
1.296837
1.067738
1.175369
-0.481652
-1.739828
-0.063482
-0.650566
-1.534561
0.443092
-1.755457
1.680481
-1.069778
-0.136955
-0.402088
-0.977203
-0.917061
-2.695194
-2.280182
1.773842
1.164463
-1.291325
1.132464
-1.335579
-1.151863
-0.891537
-1.084625
-2.112007
-0.241676
-1.629303
-1.250215
-0.809370
-0.422752
-1.048325
1.151630
-2.748508
1.967279
1.385300
1.221493
-2.954077
1.828461
1.400803
-0.085045
1.701630
-0.254028
0.476959
-0.393822
0.915770
0.005341
1.826218
1.038284
-2.267281
-1.829983
-1.143764
-1.161701
-1.737319
0.942263
-2.874924
-0.278332
-1.541733
0.703587
-1.393532
1.604527
1.192013
-0.683105
-0.892443
1.318943
-1.496414
-2.733033
1.129509
-1.923768
0.287079
0.218613
0.282028
1.910057
1.482025
-2.363888
1.332138
1.154408
1.416852
-0.750744
0.266312
1.832092
-2.699749
0.099533
1.944779
0.779076
0.093803
1.206572
-1.486858
-1.183342
-0.831665
-0.918320
0.577997
-1.676926
-1.048822
-1.652641
0.433876
-2.806320
0.148651
-0.544526
-1.920792
-2.609009
-1.602688
0.742661
-0.122585
-0.840679
-1.730189
-1.877884
-1.815166
-2.560178
-0.510647
1.444756
-1.982124
-2.958822
0.409981
1.620125
-0.748291
-2.095818
-2.827499
1.509537
0.001696
-1.620045
-1.294018
0.519798
-2.264629
-1.196091
0.963898
0.233650
-2.930120
-0.094797
1.504425
-1.262797
-1.113930
-1.451165
0.338409
-1.932983
-2.303062
0.016960
0.895450
-1.501928
-1.978638
0.699547
1.487816
0.507980
-0.390282
0.285461
1.985153
-0.444061
-1.954956
-1.243008
0.693909
0.103445
1.842682
0.584905
0.130720
-2.087738
1.766985
-1.182236
-2.459831
-0.296600
0.309845
1.915596
0.065567
-2.518337
-0.260487
1.952553
0.726786
-0.599697
-0.677730
1.021675
-0.042145
-1.095860
1.985313
-0.307518
-0.059574
-0.430906
0.297897
1.323341
-1.105740
-0.018688
-1.550907
-1.091838
-0.230621
-2.207077
-1.678833
-1.209145
-2.856964
0.673721
1.028465
-1.987404
-2.171910
0.431446
1.545128
-1.837170
-1.384247
-0.499878
1.670719
1.918091
-2.163673
-0.776573
0.346275
-2.770599
-0.526337
0.738728
-1.367989
-1.287807
1.770340
-2.606422
-2.423805
0.602661
-0.813469
1.968262
1.794403
-1.360718
1.458984
1.132284
1.781771
1.437370
1.598618
1.075516
-2.429260
-2.477448
-0.509270
-2.168063
1.206215
-0.091255
-2.548167
0.865772
-0.801167
-1.384274
0.886624
-0.306492
-0.476807
-1.151207
-0.752090
-1.703369
1.124630
1.992143
-1.770212
-0.304024
-0.468464
-0.602539
-1.124756
-0.632790
0.985576
-0.744561
-0.452833
-0.833356
1.782494
-1.196297
-1.406296
-0.174931
-2.587193
1.055214
-0.552435
0.073647
-0.354432
-0.704559
-1.697762
-0.328335
-0.557940
1.420311
1.047274
0.808380
-0.737083
-1.857948
1.639593
-1.424376
1.946434
-0.838808
0.715842
-2.500366
-2.938606
-0.111324
1.386547
-2.570095
0.223488
-0.884186
0.431702
-2.443577
-1.263329
-2.287987
-0.429008
1.781845
0.895897
-1.227623
-1.956253
1.475891
-0.984890
0.337004
-0.827999
0.645054
-1.143644
-0.562061
-2.791412
1.834316
1.682827
-2.030296
-2.304363
1.539711
1.086109
-1.977295
-0.675819
-2.452244
-1.491726
-0.726131
-2.276659
-0.831604
0.138931
-1.853462
-1.254883
-1.087654
1.732361
-0.194519
0.430445
-1.548492
1.748972
-2.935612
-1.671383
-1.921448
-2.184635
1.282486
1.258133
1.430254
1.977158
-2.153450
0.928689
0.424114
-2.389259
0.338100
-0.231037
-1.718391
-0.043193
-2.153374
-2.637825
-0.782074
1.250736
1.859192
-1.211952
-0.243843
-1.295534
-1.252598
-2.991634
-0.413501
1.416897
-0.351562
-1.307827
-1.010487
0.396441
1.105247
0.971008
-1.129044
-0.414461
1.925102
-2.256660
-1.644915
0.012238
1.797861
1.913181
1.958170
-2.631966
1.789589
-2.842644
0.585373
0.833225
-1.826027
-1.022480
-2.333267
0.621675
-2.010017
-0.667595
1.187977
-0.869774
-2.295235
-1.262772
-1.446846
0.435874
-0.111229
0.241390
0.444305
0.266808
-2.074995
-0.947685
-2.841026
-2.019447
0.862997
-2.849854
1.206881
-2.787590
-1.146915
-2.291302
-0.808155
1.279026
-1.350533
-0.125099
-0.405374
-2.973419
1.324860
-0.471935
-2.995613
0.230442
-2.523758
-1.796871
-2.608841
1.984681
1.480501
-0.594788
-2.860779
1.521983
-0.062153
0.930412
1.459328
-2.968468
1.509121
-2.539406
-0.114273
-2.605171
-0.864487
-2.233053
0.556198
0.735903
-2.228622
-1.921684
-0.673920
0.996689
-1.416225
-2.897829
-0.134373
-2.920563
0.458412
0.006218
1.222844
1.593384
0.506323
1.398628
1.693672
1.449516
0.914457
0.787601
-1.464996
1.440331
-2.711807
0.770569
-1.030148
0.318005
-2.035042
-0.949857
-0.452450
1.051117
-0.293516
-2.026081
0.045055
-0.752872
-1.329340
0.701077
-2.507961
-0.406502
1.284170
-1.225929
-0.809277
-1.451286
-2.455738
-1.850159
-0.682854
-2.140172
-0.593597
0.670164
1.699638
-0.928484
1.177273
0.723320
-0.445084
0.928528
-2.240219
1.628891
0.564034
1.425369
0.551311
-0.131042
-1.481731
-0.755722
-1.057976
-1.382683
-1.146606
1.995056
1.449799
0.286690
0.775749
0.615112
0.152473
0.650650
-1.546227
1.112759
0.884388
-0.551929
-1.874748
-2.033482
0.852913
-0.260858
-0.825172
1.600937
-2.051888
-0.212540
0.144852
0.393166
-2.349583
1.750031
1.304428
-0.619003
-0.576817
1.920689
1.889130
-2.911259
-0.258335
1.217339
0.996586
1.059114
-2.621929
-0.746300
-0.091194
1.246700
-1.541450
-2.854660
-0.235310
-1.845379
-0.087421
-1.448608
-1.343391
-2.277920
1.473024
0.999599
0.140999
-1.515205
-2.026817
-0.272923
1.704826
-1.651916
-0.509535
1.803213
-2.086311
-1.127642
1.031105
-2.541771
1.160500
1.955265
-1.229492
1.035843
-0.985451
1.405586
-1.538929
0.690602
-1.730740
-1.106546
-2.403870
-2.079857
-0.368050
-1.069202
-1.044932
-2.508039
0.519459
-2.433830
-2.291634
0.246902
1.820469
-0.417927
-2.300152
-2.520747
0.860241
0.918083
-0.550105
1.103371
-2.512840
-1.238229
-1.910645
-1.034004
-1.465065
-2.219069
-2.828957
-1.774883
1.224585
-1.674175
-2.501728
0.138496
-0.837080
-1.405365
1.559174
-0.060347
-0.345032
-1.357590
0.286095
1.649963
-2.881660
0.679564
-0.640930
1.167549
-0.375732
-1.288132
-0.841532
-2.500755
-1.806206
0.813564
1.078568
0.791771
0.928154
0.758926
-0.794670
0.274048
0.003441
-2.121956
-1.008667
-1.972103
-0.564899
-0.587688
-1.624672
-0.344471
-1.493195
-0.461014
1.109783
0.282585
-2.015465
0.453838
-0.882011
-0.410049
-0.212318
-1.066666
0.307449
-2.680244
1.062817
-2.725662
-2.409882
-0.771597
-1.310642
-2.225939
-0.411713
-1.347534
-2.289909
-0.417450
-1.756325
0.640129
-1.666122
0.090454
1.511368
0.890526
1.805397
-1.520784
0.747997
-1.680820
0.874969
-1.759319
-0.831741
-1.803079
0.520714
0.934631
1.765984
-1.825104
1.788605
-1.541740
0.103550
0.646088
-0.509817
0.615414
1.996208
-0.891731
-2.508682
-0.420536
-0.501450
-0.004776
1.273374
-1.626667
1.610649
0.436890
-0.626652
0.806580
1.764669
0.750069
1.268288
0.033112
0.726448
-0.470306
0.210491
-1.059147
-1.528664
-1.125496
-2.234515
-0.180653
0.699535
1.577484
0.862000
-1.427753
0.812805
1.117008
-1.128372
-1.528422
-2.137619
1.313599
0.506921
0.509882
-0.820572
-0.928753
-1.223785
0.099098
-1.894876
-0.225319
1.009647
-0.524414
0.642876
0.515602
-1.350281
-1.011921
0.409689
-1.372646
-1.380173
1.667646
1.947685
-2.186569
-2.249210
0.714134
-1.684357
1.861015
-2.100281
1.275047
0.562336
1.289444
-1.335579
-2.415810
1.469162
0.656120
-1.005577
0.973015
-1.923991
-1.418182
-1.763957
0.654228
1.381725
-2.028580
1.127144
1.231323
1.096863
1.071640
-1.022442
-1.849075
-2.807755
-1.184620
-2.906799
-1.664619
-2.487495
0.086166
-1.886963
0.232647
1.749177
-1.699331
0.771126
-1.483253
-0.605736
0.563046
-1.337519
-1.843086
-2.315409
0.146904
1.798959
1.084841
-2.081273
-1.252266
-1.895569
-1.946983
-1.160148
-2.678909
0.927746
-1.715141
-0.859035
1.183588
0.837906
-2.133034
-0.398029
-2.750572
-1.499718
-0.812660
-1.097122
-0.501701
1.258705
0.618027
-2.998173
-0.245239
0.043976
-2.995497
1.892822
0.631451
-2.859547
-2.404045
1.599258
-1.822891
1.907299
0.681229
0.904800
-2.345144
-2.045578
-2.034782
0.666496
-0.831848
-2.578392
-0.202524
0.720787
0.067987
-2.174806
-2.737518
0.240822
-2.620033
-0.604691
1.041893
1.531640
-2.076380
1.212860
-1.560646
-1.583443
1.661644
-0.652027
-1.821583
0.001706
1.089882
-2.934319
-2.397121
0.830620
0.149914
-2.815765
-0.532021
-2.703804
0.272743
0.603230
-1.108276
0.499283
0.466414
-2.286001
-2.421379
0.078585
0.211975
-1.778670
-2.149879
-2.217274
1.089417
-0.210777
-2.980011
1.811317
-0.388218
-2.838863
-1.731331
-0.285511
-0.068110
1.004288
1.906979
-1.456688
1.898602
-2.391623
1.548359
1.772354
1.316406
1.405754
1.157761
-0.518120
-0.193417
-1.955926
-2.075794
-1.091454
-2.249962
-0.559528
-1.723244
1.978397
1.148918
0.014751
-0.513237
1.716650
-0.985863
-1.815964
0.472710
-0.110428
-0.947997
-2.990433
-1.804621
-1.255905
1.440994
-2.563866
-2.019172
1.451965
0.741997
-1.904803
-0.738794
-0.478943
0.411001
-0.281345
1.982000
-0.910339
0.915497
-0.950748
-1.019974
-1.381128
-2.608765
-2.162216
-2.078888
1.751923
-1.568985
-0.029543
-2.744698
-0.390850
-0.160172
-0.158825
-0.636362
-1.349594
-0.573029
-2.408180
-2.904306
1.180180
-0.885056
0.079317
-2.334980
-0.793488
0.699501
-2.591316
0.329292
1.231634
-2.716260
-0.559697
0.211891
-1.018074
-1.039959
-1.798584
0.987549
0.257391
-0.495018
-0.992813
0.755733
-0.894375
0.710243
-1.693657
-0.852894
1.741859
-1.598522
-2.072235
-2.121246
-2.978752
-2.131378
-0.636017
0.386551
0.007423
-1.535370
0.014763
0.276009
-1.947548
-2.202209
0.497712
-1.827053
0.810002
-1.417274
-2.111038
-2.391117
1.863644
-2.189201
-2.922035
-1.943447
0.446014
0.317833
0.631554
1.694298
1.154316
-1.887978
-1.860043
0.091709
-1.291019
-1.728802
1.260471
1.134575
-2.230433
-2.247025
1.643993
-1.930140
-0.639000
-1.746315
-2.193031
1.552605
-1.607671
0.477997
-2.985771
-2.381821
0.919937
-0.672489
-2.114639
0.730064
-2.305275
1.740402
0.893204
-1.800713
1.288467
-2.521423
-0.889816
-2.427387
-2.735306
-2.959518
-0.985050
1.277133
-2.793505
0.042419
0.666157
0.693031
1.704527
-2.024422
0.464767
-2.655520
-2.678795
0.722630
0.715717
1.609230
-1.293114
0.927774
0.411774
1.098917
-1.226940
-1.406525
1.669598
-2.241898
0.173531
-2.579325
1.737843
-1.443248
0.928173
-2.216385
0.375038
0.698479
-1.130814
1.006140
-2.513706
-2.715691
-1.396431
-1.014126
1.463310
-0.609287
-2.666222
-2.231438
-2.803131
0.968273
-1.691551
0.118629
0.506298
-0.361755
1.854054
-2.800407
0.663704
1.991280
-1.168419
-0.913027
-2.340313
-2.753426
-0.364536
0.063916
0.411201
-2.605972
-0.558052
1.683362
1.529137
1.199837
-0.265457
1.259768
-1.584482
1.091972
-0.332737
1.206255
-1.198364
0.574829
1.746978
1.663480
-0.412476
-0.979851
-0.898766
1.334522
1.610924
1.687515
-2.012112
0.263229
0.180134
-1.381714
1.102310
-2.200352
-2.377884
1.522384
1.882954
-2.802353
-2.383434
-2.125704
-1.708390
0.740463
1.569344
-0.829770
1.222664
-0.486864
-1.347698
0.161308
-1.712605
-0.747887
0.545437
-0.302719
-0.546448
1.861588
-1.774601
0.466682
-1.578346
-2.946505
-0.226906
-0.852600
-1.232758
0.399002
-1.123459
-2.747540
-2.734230
-0.555387
-0.572472
-1.869635
-1.983803
1.747658
-2.818836
0.988831
0.036316
1.037575
-2.039139
1.846731
-2.604851
1.778063
-1.480629
-2.854073
1.530531
-1.394636
0.391207
-2.704865
-1.626205
-2.954895
-0.795578
-2.070644
-2.084534
-0.614058
0.099457
-2.886810
-2.254802
0.266830
1.379303
-1.129967
0.982414
1.252495
-1.920113
0.091259
1.184841
0.013628
-0.870853
1.621176
1.539234
0.824776
0.456559
-0.008698
-0.405205
1.534653
1.652733
1.847265
-0.603638
-1.676758
-0.179784
0.877506
0.533254
-0.901997
-1.769268
1.881716
-0.938583
1.203453
-0.978481
1.834740
1.660561
-1.307106
-1.105770
1.683876
-0.036480
-0.954300
0.867092
0.509233
-0.548473
-0.252728
-0.461128
-2.566231
0.411156
-1.776942
0.109528
-2.174927
1.159119
-0.848534
-0.105919
1.778305
-2.169815
0.949341
-1.747070
-0.023771
-1.688057
-1.841965
-0.791836
1.371559
-1.521095
-1.660416
-2.006004
-2.275719
-0.512436
-1.197861
-0.585403
1.448326
0.718933
-0.688911
-1.765730
-0.142586
1.736042
0.720673
-0.191414
-0.608841
1.385387
-1.402325
0.858292
0.715195
0.036758
1.405231
1.114727
0.647865
-0.531906
-1.615303
-2.469421
1.406483
1.060780
0.246941
-0.128410
-0.974045
1.244305
-1.228943
-2.366997
0.103962
-1.784481
-1.732727
-2.476891
-1.725685
-0.473183
0.563031
-2.342959
1.658102
1.543083
-2.719431
0.896950
-1.276726
-1.737259
-2.060982
-1.361294
-2.184574
0.379143
-1.811218
-0.919302
-1.665928
1.856092
1.325375
1.173050
-1.913414
-2.343329
-1.447575
-1.395536
-1.337852
0.397057
-1.807083
-2.398216
-2.634823
1.925364
1.589558
0.278709
-0.931114
-1.093872
-0.462036
0.264633
-0.426781
1.315521
1.286461
-2.031700
-1.519091
-1.986538
-2.396373
1.642761
-0.221359
-2.568642
1.462158
-1.960855
-2.272530
-0.894081
-1.620546
-0.493195
0.273411
-1.058784
-2.221375
-1.228432
-1.077560
-1.905884
-2.694054
-2.827972
-1.659870
0.011353
-1.072784
1.611115
-0.109333
-2.567013
-0.197479
1.914442
-1.006958
-2.001404
-1.769989
-2.565605
-2.749496
1.785877
-2.828617
-0.534927
0.820114
1.758141
-1.498825
1.363842
-2.108943
-2.581657
0.379204
-1.633515
0.032234
-2.995544
-2.229340
0.318134
-0.799324
-0.317158
-1.238258
1.031822
-2.644737
0.885700
-2.776676
-1.619324
0.142441
-0.528069
1.267487
0.207321
-2.991249
-2.113056
-1.765568
-1.134621
-0.183201
-2.965452
-0.975098
-1.242485
-2.775581
1.477085
-1.694569
-1.433666
1.506695
1.672859
-0.113907
-1.784313
-2.476601
0.649302
1.122917
-0.302452
-1.328407
-1.788908
-2.841120
-1.327240
0.605597
1.696716
-0.354881
-0.962149
0.642258
-2.914946
-1.441078
0.795720
-2.693211
-2.508926
-2.173224
1.896923
-2.383675
-0.414696
-2.159222
-1.478304
-2.124672
-1.206699
-1.532421
-1.476906
1.277985
-2.842929
-0.466831
1.898472
1.542500
1.834669
1.086159
0.088577
-2.546455
1.407753
0.653183
-2.615978
-2.829147
0.663456
1.990105
0.472583
-0.425728
-2.496132
-1.372971
-2.835003
1.475395
-0.727165
-1.881300
0.698250
0.980694
1.676704
0.524969
-1.073708
-1.329456
-1.163561
0.484531
-0.970440
-1.106180
1.002598
-1.811089
-1.891850
1.442217
1.811642
-2.415738
-0.894257
1.139202
-1.780022
0.074608
-0.935715
-1.358866
1.065514
1.413250
-1.015016
1.645313
-0.440765
1.127159
-0.783554
-1.942284
-2.664860
0.801540
-1.196770
-1.759065
-2.147446
0.511469
-2.959526
-0.412674
0.726746
-2.365891
-0.298027
-0.306999
-0.513531
-1.764699
0.886635
-0.088173
1.925209
-2.811676
-1.594406
-2.885475
0.127800
-2.967583
0.528954
1.151022
-1.773865
0.775124
-1.776402
-1.296614
1.155380
0.706306
0.249641
0.389503
-2.253525
-2.999610
-1.106400
-1.199745
-1.277647
-1.111343
-2.148497
-2.022682
-0.498226
-2.888388
-2.733902
-0.739151
1.528671
-0.659971
1.167923
-0.255817
1.344589
1.284935
-2.383331
-1.435228
1.394249
1.501839
-1.493834
-2.088539
1.518433
1.791557
-1.786030
-0.327927
-1.439154
-0.003498
-0.909100
0.021217
0.054665
0.407673
-0.427708
1.404228
0.492386
-1.359711
-0.707855
-1.255295
-1.047800
-1.095070
1.843513
-0.424324
0.196468
0.075323
0.681355
-0.461395
-1.295689
-1.614220
0.485901
-0.477821
-0.234862
0.910370
0.847710
-0.917495
1.119705
-2.344979
0.495295
-1.457336
0.849751
-0.528454
-0.242439
1.242802
1.952377
-1.167847
-2.685421
-1.594416
-2.312691
-0.989655
1.913528
1.151611
1.384186
-0.759865
1.591011
-1.917572
-1.637312
-2.460041
-0.121703
0.161613
-0.690048
-0.326820
-0.733414
-2.483767
1.756020
0.751762
-1.429447
-0.013893
-2.229259
0.941595
0.794365
0.227924
-0.556156
-1.279053
-2.769372
1.985886
-2.869987
-1.077282
0.925072
-2.734982
-1.192825
1.301830
0.456787
-1.752781
0.669327
-1.692247
0.369053
-2.596458
-0.885796
-1.924217
-2.913292
-1.658157
-2.959637
-2.605415
1.565481
-2.693764
1.306076
-0.772354
-0.360014
0.940405
-1.924671
-0.469002
-0.446878
0.047791
-2.203554
-0.302200
0.393478
-0.485596
1.662886
-0.800789
-2.868980
1.272079
-0.957375
-0.594009
-1.207825
0.729256
1.564022
1.594894
0.114155
1.935055
1.219212
1.119270
-1.943497
-2.119562
-0.092468
-1.907553
0.546204
-1.083321
-0.998375
-1.085449
1.755577
-2.654076
0.167755
-0.826370
1.177010
-1.988468
-2.254013
-1.235298
-0.921009
-0.105804
-0.692007
-0.218647
1.096275
-0.755722
1.029522
-1.768776
0.707859
-1.375290
0.962296
-2.545448
-1.666162
0.231880
1.216415
-2.196102
-0.189857
-0.698631
0.633007
-1.634071
1.966164
-0.655411
1.153992
-0.931530
-1.106023
-1.539776
-1.839067
-2.116203
-0.300537
-1.909488
-1.253300
-0.219490
-0.197239
1.852180
-2.957790
-2.582298
-2.929090
0.773071
0.247318
-0.279568
-2.392288
-0.433403
1.362991
-2.922562
-1.953857
1.833645
1.072472
1.408134
1.888008
-2.419369
-2.714478
0.448088
0.661871
0.800453
1.885578
-1.068600
-0.832375
-2.639628
-2.849890
0.466124
-1.561404
-1.987061
-0.416527
-0.350218
-1.949524
1.194648
-2.539391
1.625573
-0.998075
-0.030771
-1.107656
0.850101
-0.012127
0.688072
-2.837872
1.441460
-0.976322
-1.255539
1.902840
0.791454
1.922150
0.316566
-1.134350
-0.413353
-1.222958
-1.744118
-0.519558
-1.208866
-2.361858
-1.058044
0.819405
0.824112
0.266525
-0.718259
1.023319
0.148148
-2.004884
1.260886
1.491085
-0.719620
-2.738167
1.199326
-1.381676
-2.479652
-0.208908
0.998964
-2.214722
-1.427872
-0.816547
-1.721193
-1.488495
1.914925
-2.123861
-1.965858
-1.615746
-1.430672
-1.607071
0.812981
-1.658031
-1.666340
-1.226702
-2.731361
-2.888972
-0.067508
-1.428535
-0.340878
1.154175
-1.134285
-1.440823
0.855942
-2.650745
-1.502934
-0.076485
-1.788757
-0.412415
-2.744656
-1.796478
-2.465977
-0.974697
-1.976032
0.629616
-1.060814
-2.324905
-2.426935
1.207474
1.948181
-1.893953
-1.364769
-2.825439
0.996372
-2.929657
0.881187
1.333374
-2.993721
-0.386092
-2.142682
-0.280371
1.290725
-1.952066
-0.193546
-2.562973
-1.055952
0.036186
1.142849
1.471037
-0.987007
-0.799391
0.047523
0.910654
-1.717899
0.094673
-0.139145
-1.345665
-2.312981
-0.617180
-1.032791
1.663610
0.743610
-0.281769
-2.810783
-1.342789
-0.608719
-2.563522
1.210022
1.312877
0.951568
-0.421387
0.804302
-0.116333
-2.740021
-2.802551
1.484215
-2.365460
0.823521
1.411125
0.658974
-2.352924
-1.475471
-2.981003
1.704163
0.048531
-1.953545
1.551677
-1.637589
-0.080126
-2.187771
1.841602
1.200114
-1.687645
-1.708420
-2.960935
-1.257158
1.694065
-1.935989
1.706123
1.012234
-0.799660
-0.740488
0.140316
0.570965
-2.211990
-1.761105
-1.435711
-1.158098
-0.608757
-2.191822
-2.077077
-0.166672
-0.234139
-1.870968
1.724998
1.295891
-2.550072
0.061821
-0.889841
1.324440
0.263570
-1.109779
0.065166
-0.236259
-0.170864
0.489159
1.000099
-0.113144
-1.972557
1.759389
1.406670
-2.151105
-0.788055
-0.172621
-2.840885
0.634804
-2.266502
-0.858759
-0.617828
-1.651918
-1.864542
0.481522
0.622215
-2.845102
-1.604179
1.009531
-1.795685
-2.355553
1.621052
-2.789776
1.617432
-0.373348
0.359245
0.698787
0.176918
-2.065453
-2.640613
-1.480156
-2.538277
0.170555
-2.174126
-2.495744
1.480827
-1.154608
-2.520416
-2.395744
-1.727097
-1.052974
-2.266579
-2.484268
-1.576742
-2.236143
-1.114014
-1.841524
-2.206634
-1.492529
-0.146332
-2.828407
1.313622
-2.306866
-1.856083
-2.977341
0.965105
-0.167866
1.758801
-0.091171
-1.399446
-2.791122
-2.497785
-1.918945
-2.767685
1.240013
1.182327
1.334038
1.354897
-1.664001
1.220737
0.313950
-0.471352
0.817535
-0.912167
-1.041580
1.005554
1.411926
0.136902
-2.576340
-2.560482
-1.370888
0.713348
1.101219
-1.402714
-1.877953
-0.254707
-0.044418
0.411003
1.296898
0.712101
1.565800
-1.025024
-1.453529
-2.559460
-2.157875
-0.575298
0.436867
0.147293
1.691620
-0.442307
1.992249
-1.494875
-0.370636
1.878649
1.288736
-2.832359
1.622602
0.159164
1.160545
-1.318832
1.034721
-1.842844
1.735275
-1.861176
-0.853998
-2.414783
-0.425781
-2.835416
1.988415
0.482330
-1.444534
-2.388096
0.007471
-0.416986
-2.497149
0.265305
-2.789307
-2.217697
-2.357864
0.583009
-0.285126
1.802811
-0.108982
-1.796302
-1.931625
1.963997
-0.573929
0.034844
-0.567493
1.324982
-0.268520
-0.380714
1.521910
1.881252
0.553059
-1.772796
1.703800
-1.490677
-0.445848
-1.748695
0.959450
-1.280128
-2.146070
-1.679214
-1.381050
-2.729616
-0.994736
1.476030
-2.367432
0.632074
-1.073176
1.860836
-2.109924
-0.899582
0.212212
-2.816946
-2.201874
-1.230965
1.431839
-0.991872
-0.809124
-2.246780
-2.076485
-0.609681
-0.734520
-1.194519
1.382764
-2.071682
1.094299
-2.450382
-0.736671
0.752060
1.188614
-1.890572
-0.309830
-1.550117
1.057274
-0.614098
1.415833
-0.450410
-0.246145
-2.904350
0.197220
1.266193
-0.813797
0.932602
-2.043465
-1.507542
1.122554
-0.300518
-0.766277
-0.946243
-2.396713
0.647450
0.427673
-2.552212
0.887394
1.381523
-2.690905
-1.514065
-0.847675
-0.200834
1.095551
1.959213
-1.114101
-2.426819
-2.032784
-0.823902
-1.422981
1.011587
-0.150131
0.171303
-0.701653
-2.112478
-0.684761
0.628885
-2.522633
-1.352036
1.763931
0.320747
-1.100945
0.494301
1.686470
-2.987457
1.036619
-0.974991
-0.364960
-1.731292
-0.588676
-0.022602
1.788017
-2.009767
-1.313043
1.249365
1.552328
-0.619025
-2.507141
-0.573093
-0.856148
0.455284
-0.208031
1.287085
-1.237984
-2.802798
1.277454
-2.412544
-1.422844
1.064621
-0.400616
1.113447
-2.024385
1.982849
0.388739
-0.966724
-0.833984
-2.320404
-2.638256
-0.091888
0.325733
-1.112949
1.129671
-2.358131
-1.906452
1.477631
-0.120201
-2.934132
-1.593414
-1.776024
-2.209198
1.900749
-0.897911
-1.613945
1.609988
1.166389
0.303626
1.296297
-0.318901
-0.957451
-2.372500
-2.880890
0.035202
-2.130524
-0.131245
-0.579414
-0.315090
-0.115826
-0.104023
0.707436
-0.299946
-1.103893
-0.182755
-1.933678
-0.004677
0.572186
-2.197987
-1.692039
-2.614876
-1.197823
-0.912088
-0.620346
-1.691770
0.725124
-1.639913
-0.139884
1.845177
-1.464394
-2.712692
-2.052361
1.436272
-0.165340
1.810028
1.428364
1.329765
0.150631
1.409077
-2.440041
-2.498047
-2.142174
0.099136
-0.493984
0.608101
0.714485
-2.683161
1.325096
-1.859543
-0.789356
1.083042
-0.142431
1.203644
-0.042877
1.635979
0.349384
-1.075199
-2.352180
-0.839615
-0.299896
-0.712996
-0.348072
-1.241768
0.985924
0.471405
-1.664068
-1.095005
-2.712285
-2.868778
-0.364880
-2.182655
1.239319
0.464539
-2.182016
1.323845
1.334938
1.666464
-2.903786
-2.576454
-0.442791
-2.420037
0.938217
1.130569
-1.032350
-0.406754
0.476279
-2.711082
-0.833412
0.899494
-2.538841
0.802141
1.422499
-0.543564
1.002083
-0.913780
1.411705
0.552818
-1.994469
-0.555820
-2.044170
-2.214352
-2.252441
0.489799
-2.781525
1.265358
-0.458939
-2.670923
1.369568
-2.897602
-1.102018
-0.462353
-2.737556
-0.084921
-0.207600
-2.901031
0.291861
1.617088
-0.857435
-0.571230
0.220139
-2.064232
0.581696
0.039833
1.044495
-1.638298
-2.611111
-0.344795
-1.608452
-1.119751
-0.836426
0.739113
-0.920494
-0.464737
-2.991280
1.612134
-2.826775
-0.701424
-2.269920
0.576988
-1.703136
-2.572884
-1.651052
0.776779
-1.734200
0.852604
1.725685
-0.687515
-1.861343
1.680496
1.274986
-2.911705
-0.235153
0.388593
-2.959640
-1.953495
-2.402573
1.944574
-2.200127
-0.939796
-1.391306
0.976933
1.485289
0.327080
-1.875870
-1.447708
-2.023457
1.234070
-0.804707
-1.943893
1.295628
0.086670
-2.712322
0.890102
-0.661234
-1.128952
-1.167419
-1.596207
-1.798294
-0.979799
0.495619
0.478251
-1.152857
-2.133141
1.100784
-2.989746
1.378204
1.300362
1.572063
0.963634
-2.843254
-1.988266
-1.717772
-0.323017
-1.752113
-1.265839
-2.153074
1.955948
1.416740
-2.117325
1.287277
0.406754
-0.999012
0.239386
1.638382
-2.887173
-0.463516
-0.259590
-0.743980
0.589684
-0.560276
1.585670
-2.589790
1.525711
-0.927170
0.174843
0.269131
-0.088961
-0.759163
-2.284187
-1.269981
-2.611916
1.350594
-2.668526
-1.893707
0.333259
-1.989052
-2.695656
-1.070274
1.846809
1.286433
0.064247
0.540165
1.036362
-2.596472
-0.884445
1.132118
0.072519
0.076405
0.577576
1.332069
-0.925589
-1.602795
0.253334
0.476288
-1.380013
-0.878845
-2.867184
0.777863
-2.098204
-0.181038
-1.575066
1.292763
-2.595238
-1.496414
-2.829585
1.545135
-2.255157
-0.720993
-2.235191
0.877716
-0.166039
-0.220661
-1.743011
1.170881
-1.952354
0.287969
0.755154
-2.364311
-2.103781
0.794571
-2.857403
-0.212732
-1.704773
0.984818
1.620438
1.558162
0.943679
-2.222044
-2.716843
1.294479
-1.288826
-1.368305
1.669510
1.999500
-2.537155
1.458495
-2.569805
-0.146381
-1.123178
0.320724
-0.135101
-2.580845
0.125313
0.230705
1.039211
-0.999619
0.752884
1.162590
0.040222
0.979771
1.003601
-0.264156
-1.358749
-2.790759
1.732510
0.557056
-2.016914
-1.673693
-0.805122
1.291229
-2.360308
-1.585960
-0.978462
-2.283222
1.271744
0.729297
1.286568
-2.496117
-2.337845
-0.704189
-1.130051
-1.582588
-1.534951
-2.331856
-2.285461
-1.683624
0.783356
-1.104408
-0.600662
0.173946
1.204285
-1.110733
-0.071060
0.720798
-0.764458
1.906769
0.539753
0.623901
-2.751972
-0.100533
1.682728
0.453018
-0.388523
-2.377172
0.806038
-0.678844
-0.049165
-0.457790
-1.768417
0.701115
-0.282799
0.446758
-1.904396
-0.185448
-2.680298
1.767685
0.956319
-1.086296
-1.152283
1.696491
-2.380806
-1.329548
1.305809
-0.145065
-2.048210
-2.509216
1.607841
0.401739
1.757454
-1.175522
-1.895775
1.170074
0.603411
1.660177
-2.730751
-2.337223
-2.589357
0.999687
-1.697624
-0.308327
0.848137
-1.306679
-1.493484
-1.428455
-0.339561
-0.046028
1.989229
1.374479
-0.004066
0.993179
0.967667
-1.311571
1.510323
-2.715784
-1.557568
1.940582
0.448792
1.399719
1.682922
0.019477
0.354515
1.669453
0.002117
-2.316895
1.037484
1.910164
-1.615730
-2.899551
0.853241
1.319260
0.256676
-2.806870
0.522026
1.375351
-0.899174
0.260704
-0.360596
-0.561749
1.660248
0.994210
0.019218
0.698967
-2.880417
-2.074005
0.639107
-0.323273
-1.926125
-0.820393
1.497818
-0.322613
-0.374886
1.838303
0.657713
0.826218
0.882435
0.070130
1.679298
-2.361694
1.773590
-2.286201
1.979187
-2.990740
0.889362
-1.378090
-0.229393
-2.694473
1.818793
-1.194160
-1.527813
0.214520
0.055885
-2.386635
-1.132915
-2.124340
-0.609926
1.557126
0.082458
-2.058533
-2.404118
-0.546003
-0.809212
-2.903603
-1.557411
0.008492
-1.362637
1.983482
0.949426
0.305397
-2.058479
1.258929
1.094604
-1.512177
-1.002827
-2.136314
0.789618
-2.888489
-0.561600
-2.889492
-2.786797
-1.222660
-1.249243
1.483059
-0.915520
1.918480
1.210274
1.459148
-1.023087
-0.610990
-2.523174
-2.396439
0.255440
1.163450
1.721519
1.285530
-0.681328
0.505783
-2.007469
-0.885483
0.011772
0.609304
-0.051758
0.616439
1.178234
0.807045
0.251410
0.984978
-2.341949
1.051865
1.907408
-0.776482
-1.430153
-1.556657
1.094040
-0.502090
-0.498375
1.412418
-2.546692
-1.258509
0.790342
-0.691246
-2.954971
1.760946
-0.301071
-2.040221
-0.530396
1.924742
1.628498
0.483178
-0.819599
0.569969
1.841702
0.753801
-1.043068
1.696430
-1.852402
0.461929
-1.047764
0.980402
0.320938
-2.457329
-2.818926
-1.026939
-2.866295
1.513248
-1.150597
-1.275223
0.301821
-0.774429
-1.318872
-2.895517
-0.052624
-1.997234
1.741852
0.793983
-1.545395
-1.648426
-2.301422
-1.994675
-1.948532
-1.896301
0.401161
1.852631
1.164782
-1.448702
-0.330490
-1.560857
-2.682985
-2.205635
-1.369521
-2.769157
-2.145461
-2.137440
-1.783127
-1.871563
-0.913692
0.035472
0.482658
-1.855827
0.700554
-1.220268
-1.429184
1.702866
-1.285051
1.971588
1.962995
-0.303026
0.675694
-1.449703
-0.023872
-1.294914
0.128656
1.610083
1.021332
-0.695457
0.239489
-1.735554
0.345364
-2.792953
-2.359257
1.150211
-2.657677
-0.232304
-0.946922
0.152473
0.154762
0.941940
-2.960663
0.165894
-1.847733
-2.476044
-0.594284
-1.750511
-0.592728
-0.387833
-2.364265
-0.544167
-1.896344
-2.266273
-0.385727
-0.824852
-2.960457
-1.774410
-1.829600
-0.107704
1.794380
-2.715389
-2.818642
-1.876268
0.556770
-2.139542
-0.700348
-2.533489
-0.771858
1.132965
-2.733055
-1.182094
1.570789
-0.886002
0.262539
1.882996
-2.084309
-1.430611
-1.325383
-1.478958
-1.048607
-0.944664
0.486473
1.674053
-2.969517
1.725990
1.179459
0.481468
1.209824
0.466475
1.870182
-0.225147
-2.341393
-0.213570
0.041065
1.710361
1.109741
0.544861
1.538956
0.665428
0.063055
-2.174728
-1.386058
0.611435
-2.727432
0.509159
-1.603275
-1.949020
-1.362632
1.017548
0.300655
-1.565384
-0.037449
-0.914225
-2.877319
-2.477997
1.249748
-2.405998
-1.778400
-2.931557
-2.094824
0.300877
0.413471
0.062706
1.027737
0.837257
0.188606
1.110519
1.270626
-2.701385
-1.200089
1.179070
-1.760231
-0.183891
-0.529678
-0.557003
-1.972286
0.408539
-0.258389
-2.677410
1.189884
-1.071644
-0.086975
1.795280
1.954720
1.243944
1.853649
-2.629894
-2.626289
-1.486359
-1.035347
1.476524
1.752128
1.358570
0.252819
-2.668271
-1.769783
1.942112
1.918475
0.758076
-0.593933
1.545914
0.429466
1.890800
-0.572784
1.012646
-0.466560
1.257957
-1.406895
0.428936
-2.631775
-2.790848
-1.007584
-1.447798
-1.644051
1.346527
1.438515
-0.635216
-2.883125
-0.520103
-2.439201
-2.705154
-0.130875
-1.543724
-2.428673
1.910942
-2.682198
0.027615
1.663857
-0.924530
-2.426888
-0.834930
-0.273888
-1.466079
-0.387825
0.329304
-1.595650
1.105267
0.055527
0.761722
0.247185
-1.882468
-0.141075
-2.725121
-2.942384
-0.070412
-0.728083
-0.724913
-2.855568
-0.617241
-0.892097
-2.595820
-0.188652
-0.412821
1.273064
1.228317
-0.424400
0.406715
-0.539413
1.691341
1.888344
0.137604
-1.453629
-2.898361
0.276222
1.439079
0.500633
0.041283
-2.104134
-1.120773
-0.337612
-0.008720
0.465668
-1.280594
-1.362347
1.430016
-2.681923
1.832123
-2.704758
1.023430
0.924870
-0.088161
0.640165
0.837896
-0.459301
-1.137421
0.646988
-1.252022
-1.879774
-0.406587
-0.954472
-0.374725
-0.771847
-0.676201
-2.386101
-0.165180
-0.821884
1.872227
-2.738121
-0.727303
1.147476
0.311279
-1.050701
-1.983213
-2.896255
-0.334229
-0.816427
-2.042473
-2.746483
-2.978268
1.949417
1.733147
-1.806850
1.790356
1.505379
0.353539
-2.777115
0.144714
-0.637169
-1.857124
0.122871
-0.731285
0.272732
0.576401
1.801254
0.420883
0.433556
1.297173
-0.353172
-2.945534
1.034348
0.295128
0.656647
1.135784
-2.721561
-1.597099
-0.853008
-0.357742
-2.504871
-2.960201
1.304527
-0.554201
-0.879154
1.879673
-1.766891
0.196815
1.627296
0.863129
1.665695
1.331471
-2.686722
0.367920
-2.523635
-1.225607
-1.917139
-2.012466
0.555618
-2.683075
-0.289982
0.907883
-0.121769
-2.430691
1.868931
-2.024582
-0.192236
0.388003
1.685570
-1.311455
-2.808678
1.815163
1.566490
0.571064
-0.367096
-1.159966
-2.935104
1.639900
-1.341766
-2.608688
-0.305714
1.840530
1.490334
-1.728798
0.964767
0.584492
0.893162
0.837500
-0.500216
-1.066921
0.420479
-1.458168
-2.511904
-0.725777
-0.197334
1.830929
-2.127860
1.429390
-0.724047
-1.780365
-0.223220
1.030620
1.729275
1.317863
1.271347
1.486282
0.374161
0.593015
-0.288971
1.782334
-1.723681
-1.640190
1.451180
-0.059085
1.750858
-1.381840
-0.671434
-2.262825
1.368750
0.524506
-2.619938
1.495663
1.523038
-0.388603
1.297478
-1.989517
-1.430527
1.021252
1.440510
-1.659813
-1.039715
0.700920
-1.635868
1.938972
-1.213272
-0.384483
0.140808
-1.301462
1.316978
-2.448943
-2.504653
0.308928
-1.512711
-2.823235
-0.903839
1.831047
-1.579075
-1.705318
-1.982285
-2.119073
-1.606590
0.439926
-1.507309
-0.994553
-0.089104
1.828804
0.154602
1.145035
0.611244
-2.531532
1.406082
-0.233128
-0.041908
-2.231474
1.089739
-0.236305
1.160219
-2.441120
-0.103504
-0.169683
0.365059
0.053162
0.667805
-2.218639
1.426414
0.097120
-2.755978
-1.528778
1.823036
-1.711832
-1.471848
-0.694199
1.706264
0.158883
-2.824768
0.084846
-0.213200
-1.099815
-1.629555
0.542191
-2.875420
-1.559734
0.826799
-2.183588
-1.425247
-2.693714
-1.196510
1.842407
-1.383926
-1.407166
0.115208
-2.011189
-1.180022
-2.742195
-0.968086
0.311157
1.760460
1.032263
-1.748746
-1.574154
0.622505
-2.383194
-2.266022
-1.527138
0.286926
-0.203079
-0.021164
-1.323524
0.050640
-1.660622
-2.778580
-0.834320
-1.665705
-2.672333
0.698154
-2.065559
-2.904797
-2.952181
1.198509
-0.656872
-2.700624
-1.027946
0.591339
1.894478
1.368317
-2.258554
-2.511467
-1.457298
-0.170986
-2.059235
-2.385830
-0.747795
-1.607430
-0.885323
-2.691599
-2.276695
-1.522148
1.849636
1.914345
0.974867
-1.256981
-1.323502
-0.784454
-1.976933
-2.644196
-2.390419
1.580818
-0.628197
-0.030449
-1.493641
1.923233
1.596611
1.597466
-0.177036
-1.330757
1.335793
-1.775429
-0.424332
-0.188622
0.051128
0.635384
0.216358
-2.866746
-2.229792
1.714828
-2.605370
-1.774977
1.902100
1.625221
0.957923
1.994049
1.842400
-2.776447
0.362709
-2.292419
0.718391
0.734627
-2.091702
-0.975964
-2.976475
-2.632965
-2.541512
-1.880453
1.984283
-1.454163
-2.440418
1.251682
1.371025
-1.655998
0.778292
-1.950539
-2.144463
1.258636
0.301949
0.414388
-1.440105
-1.609266
-2.097143
1.019011
1.914706
1.323757
1.396179
-0.616447
-2.418175
1.906284
-1.836891
-0.942880
0.148159
1.377945
1.566616
0.307610
-0.493347
-2.925880
-0.610312
-2.055904
-2.446640
1.656101
-0.126141
-1.186522
-2.230049
0.391731
-2.594453
0.536499
-0.847893
-1.676977
-0.103256
0.897331
-0.623505
-1.236366
-2.100624
1.832005
-1.936474
1.076807
-1.866570
1.642014
-2.227577
-1.211083
1.122719
1.359184
0.774864
1.848137
1.793274
-1.856964
-1.377467
1.918242
1.176460
-2.296019
-0.041870
-2.111923
0.235327
-2.878532
-1.931675
-1.248600
-0.059446
-0.798277
-2.629728
-2.487823
1.620117
-2.938858
0.545094
1.252899
-0.277023
1.312962
-0.355766
1.791840
-1.648449
-1.104248
-0.127571
0.575844
-2.093109
-1.300652
-2.219452
-0.154766
-1.139837
-2.447289
-0.583046
-1.755665
1.760654
0.478889
-0.685051
-0.546120
-1.764037
-2.041901
-1.216187
-1.599815
-1.567245
1.015938
-2.436371
-0.875484
1.120781
-2.505161
-2.981094
-0.373619
-1.400589
0.765816
-0.686418
1.041924
-0.952515
1.247578
-0.341328
-0.795685
0.511444
-2.141945
-0.170097
-1.693176
-2.669670
1.144981
-0.950130
-0.615494
0.818476
-1.069984
-2.712914
-1.145275
-0.609980
1.049274
-2.867054
-1.093834
0.679428
-0.368362
1.356221
-0.171734
0.037994
-0.871189
0.806927
-1.220577
1.731400
-0.427017
-2.703186
-1.125200
1.140648
1.661148
1.335175
-2.628950
1.414841
-0.252747
-2.901070
0.835617
-0.083397
-1.257028
0.056472
-1.687393
1.120106
-2.394367
-0.926247
-0.236496
-0.640617
0.904877
-1.694134
1.186922
-0.934578
-0.197517
1.937469
-1.010616
1.709871
-2.056747
0.226453
-0.292587
-1.868317
-2.758591
-1.630463
0.267204
1.139595
-1.511581
-2.405495
-2.052948
0.276667
-2.955780
1.853405
-1.820366
0.471836
0.148254
-1.832646
-1.633062
-1.171371
-1.486935
0.018494
-1.247802
0.815533
1.622070
-0.789955
-1.897789
1.916036
0.245327
1.707474
-1.842951
-1.211922
-0.301843
1.217613
1.590204
0.064368
-1.690170
-2.373367
-2.545685
1.212639
1.302162
-0.457371
1.062180
0.288879
-0.040382
-1.370426
-0.622681
1.215210
0.503979
-1.130020
-2.948593
0.992569
0.742332
1.417709
0.199638
1.020332
0.748146
0.547121
1.526825
-2.499992
1.123842
-1.164055
1.066698
-1.539761
-1.247360
-0.962883
-2.131439
-1.206523
-2.508335
1.395027
-0.775261
-0.366570
0.565086
-1.816921
-2.564272
-2.968016
-1.106531
1.778418
-1.954739
-2.674647
-0.197781
0.960376
-1.514191
0.676259
-1.276699
-1.524895
-2.926117
0.434013
-0.159733
-0.770115
0.518951
-1.248337
0.246552
-0.623657
0.363823
-2.812195
-1.528557
-0.773742
0.238625
-1.180004
-0.114325
0.522106
0.521965
-1.033531
-0.001106
-2.886147
1.326015
-2.145775
-1.375008
-1.007851
1.183182
-2.241272
-2.161354
-0.126530
0.166840
0.839054
-1.025927
0.951576
-0.084541
-1.740059
1.992439
-2.090881
1.657097
-1.537582
-0.620544
-2.762543
-1.109207
-1.548920
0.358509
0.550396
1.547443
-0.682949
0.864654
-0.341347
-1.570824
0.262733
1.757133
0.144199
0.690323
0.242111
0.283801
-0.853054
-0.840218
-1.961491
-1.226439
-2.456749
0.130554
-0.508549
-2.688828
-1.172798
-2.781822
-1.009867
1.523453
0.605644
1.888885
1.025509
-2.366638
1.563705
1.277271
-1.536263
1.834185
0.810814
-0.957424
-1.737244
1.934792
0.777100
-0.390089
-1.281693
-1.149208
0.167236
0.580124
1.757759
1.696571
0.365204
1.059131
0.097836
1.556221
1.101687
-2.946182
-1.370678
-1.247896
0.113686
-1.177559
-1.327309
-1.983328
-2.681740
0.121817
1.906113
-1.003887
-1.918613
-2.607288
-0.579170
0.847969
-0.887669
-0.275749
-0.114555
-1.087811
-2.930267
-1.076767
-2.653938
-1.053818
0.391548
-1.278870
0.596297
-2.343163
-0.361745
-1.494778
-2.982234
-2.301678
-0.584213
-2.219250
1.508209
-0.342158
-1.842495
1.816940
-0.520123
0.703178
-0.041779
-0.680624
0.837555
-1.477112
0.301668
0.675831
-1.034260
-0.324017
1.189362
1.444130
1.982193
-2.232346
-2.268749
-1.052261
-2.816772
0.061996
-2.754906
1.551567
-1.292770
-1.182442
0.342033
1.029427
-2.945642
1.601146
-0.785357
-2.397533
1.317551
-0.505325
-0.229851
-0.937649
-0.872017
-0.960087
-2.890108
1.309258
1.368355
-1.330496
0.587658
-2.668594
1.640747
1.706600
-1.738480
-2.325478
-0.598404
-1.243429
-1.451141
-1.249928
-0.226192
1.231293
1.340828
-1.090240
-0.270027
-1.739628
-0.328602
0.988518
0.047401
-2.781792
-2.608461
-2.364799
1.593330
-0.918488
0.458801
0.190611
0.980265
-0.085583
-2.998821
0.000137
0.946587
-2.942242
-1.746845
-0.386810
-1.232120
-2.204216
0.472733
-0.860523
-1.217962
-0.238495
0.117914
-2.276482
0.595551
1.795902
-0.466774
1.708262
-2.815155
-0.886787
-0.185545
-0.711388
1.402271
-0.846348
1.829926
-2.936972
0.598204
-1.495964
-2.271940
-1.146172
1.940411
-1.548347
-0.236065
-2.417961
1.595818
-1.718025
-2.606262
1.615211
1.449684
-1.051331
-2.768124
-1.689796
-0.075741
-1.971001
1.770828
-1.851542
-2.184877
0.337009
-0.357878
-2.253906
0.190599
-0.241493
-0.618556
-1.848259
-2.761740
-1.622185
-0.864120
1.477638
-2.415802
-2.419487
-0.697060
-2.322615
-2.498367
-1.869514
0.346367
0.685791
1.469925
0.137062
-0.044304
-0.321934
-2.028271
-1.728645
-1.450579
0.662003
-1.985046
0.827492
-0.665825
-1.322856
0.423317
-1.075596
0.828949
1.627586
-2.902588
-2.888603
-0.536716
0.499283
1.419409
-2.155251
-0.296852
0.085930
-1.159653
1.411442
-2.335724
-2.038041
1.804605
-2.756874
-2.896294
1.752946
-0.782658
0.009796
1.388771
0.173122
0.387070
-1.772312
-0.699440
-0.854336
-0.995766
0.135908
-1.323265
-2.329475
-2.240223
-2.509628
0.068420
-0.969101
-2.793178
-0.439575
1.665382
-2.124027
0.360611
1.142152
-1.933006
-2.474415
0.512005
-1.107103
-0.834206
-2.755344
-0.634705
0.924355
-0.234424
1.592678
-0.931345
-2.513176
-1.771370
0.343353
-1.610588
0.767253
-1.750535
-2.080183
-0.528543
0.575028
-1.963146
-1.626652
-1.554955
-2.601667
-0.299200
-2.210316
1.632622
-1.197403
0.347816
1.750778
0.616241
-1.196655
-1.328327
-0.247940
1.423226
-0.774174
0.024300
1.637428
1.456203
-2.131680
-1.219444
-1.209053
-0.585163
-2.824173
-2.569653
-1.141270
-1.241844
-0.540596
-0.136293
-1.840912
-1.871228
-2.122246
0.833905
-2.663593
-2.294785
0.925797
0.849268
0.864891
-1.965858
1.499531
-2.482981
-2.578845
-0.415535
-0.402946
0.382755
-1.133411
-1.736401
-0.798719
-1.980026
-0.695709
-2.035757
-0.800144
-1.391247
0.757126
0.328033
-0.403015
-0.248510
0.965248
1.292587
-0.837013
-0.340393
0.059410
-2.259338
1.776611
-1.083968
1.986910
-2.477165
-0.163525
-1.822212
-1.425934
-0.090279
1.226061
1.716518
1.812622
0.730116
-2.365150
-0.960146
0.418051
-0.884331
-0.565097
-2.595720
1.424789
1.688393
-1.348160
-0.818932
-2.757668
-0.013092
-2.934134
-0.257572
-1.696335
-2.216095
-2.731564
0.253035
0.666229
1.558502
-0.587624
0.609558
1.984245
-2.506905
-0.815620
-0.125114
1.740639
-0.630447
1.989304
-2.786224
-0.121992
0.828575
-0.427715
-1.679253
-1.536896
1.559082
-2.675083
-2.908470
0.200768
1.101311
-2.326277
1.965122
-0.261336
-0.583771
-0.660965
1.811852
-0.269775
-1.114563
-2.116295
-2.769440
0.665638
-0.935585
0.416321
0.961906
0.525963
-1.245506
-0.949745
0.094322
-1.121490
0.003754
0.329266
0.817474
-2.135574
-2.322014
0.159485
-2.940857
0.965233
0.679184
-0.928307
-0.102211
1.866577
-1.733871
-0.705116
-0.003757
-2.813177
-0.243595
1.489922
-1.662945
-1.166302
-2.530962
0.324211
0.382595
-2.950596
-1.087807
1.926044
-0.926538
-0.848938
-2.834583
0.295662
-0.120064
-0.114769
0.030201
0.104370
-0.939354
0.551079
0.217758
-1.062164
1.685421
1.945459
-2.679726
-0.924261
0.540626
-2.048698
0.842812
-1.875099
0.222466
-0.146133
-2.662445
1.770954
1.897942
-0.214859
0.226318
1.942760
1.219193
-1.813560
-0.790161
1.493620
-2.043919
1.788649
0.995350
1.312704
1.467163
-2.974083
0.619377
1.268476
0.362587
0.273415
-1.934116
-2.264404
0.525195
-2.941154
-2.534164
-1.157198
-2.255549
1.609547
-0.327000
1.887978
1.647041
-1.015045
-0.723742
-1.028969
1.047829
-1.850494
1.725723
0.117073
-2.017670
0.049992
-2.063217
-1.011902
-0.763477
0.852156
0.575417
0.947212
1.810112
-1.024124
-2.115333
-0.317600
-2.243558
-0.264969
-2.709373
-2.587509
-2.772015
-0.049082
1.769707
-1.454884
-1.987938
-1.026921
1.034542
1.122830
0.179977
0.559265
-0.585541
0.240257
1.775780
1.233580
-1.535828
-0.217518
0.638245
-1.418945
-2.126463
1.417427
-2.747264
-2.817536
0.601787
-1.656044
-1.225773
-0.110977
0.572655
-0.011675
0.796211
-2.563644
-1.339767
-1.745234
1.607484
1.447678
0.779697
-2.430611
-0.875992
0.443268
0.294376
1.804127
0.269676
-0.297478
1.221001
0.964544
-0.217264
-2.669617
-2.262009
1.037350
-1.214815
-1.011204
-1.904490
-2.876778
-0.817934
-0.326107
0.481186
-1.926731
-2.214806
-1.464600
-0.019886
-0.971316
0.382111
-2.231194
-1.255356
-1.839355
0.245440
0.086205
-1.689514
1.999527
-0.911166
-2.934688
-0.168381
-0.190212
-2.276962
-0.420645
0.973610
-1.879177
1.245346
-0.899719
1.877926
-0.062405
-2.639442
-0.904915
0.442677
1.947166
-0.281253
0.054008
-1.789768
-2.553917
-0.668480
-0.932308
-2.196898
-2.195818
0.365126
-2.315063
1.063118
-1.480560
-2.441040
0.115105
0.879631
0.747524
-0.756544
-1.023422
-1.557695
0.598000
-0.327110
0.584225
-0.818642
-2.800194
-2.832218
-2.633743
-1.922531
1.532928
0.640348
0.796719
1.887177
-2.933243
1.621651
-0.259201
-1.387569
1.944569
1.456955
-0.901699
-0.332718
-0.434688
0.327278
1.515427
0.851891
-2.867092
0.789425
0.957943
-2.878326
0.883984
-0.765514
-2.103727
-1.910061
-2.516197
0.519134
0.771689
0.726208
1.324745
0.134567
-2.721210
-1.012604
-0.773289
-0.290113
-0.934864
0.331505
-0.017342
0.801003
0.753166
1.958229
-2.229622
-1.712616
1.820641
-2.379139
-2.132627
1.821278
-1.350662
-2.450989
1.473663
-1.542347
-1.769798
-2.423931
-2.531860
0.209427
-1.633217
0.103235
-1.050766
-0.990189
-1.961624
0.892725
0.316528
0.926830
-1.882126
-1.836960
0.599422
-2.051147
1.405945
-0.661076
-1.465775
0.282211
-1.472115
0.881355
-0.047966
-0.714104
-2.248175
0.011612
0.941307
1.164042
-2.750820
-1.920868
-0.947269
0.393555
-0.031942
-2.946274
-2.975105
-0.788750
0.992870
1.572098
-1.405407
1.145420
-1.123192
-1.927605
0.114120
0.926945
-2.045193
-2.171066
-2.243784
-2.088931
-0.058800
1.170377
-0.520935
-1.170242
0.236626
-0.904732
-0.573467
-0.452005
-0.193493
-2.010399
-1.852554
-2.967674
-2.408644
0.778915
-0.459171
-0.034523
-1.284986
-2.786746
-0.235229
1.198860
-2.108082
0.177505
-0.253380
1.169510
-2.862408
-1.008469
-0.106407
-2.795979
-1.040688
-1.558380
-1.294426
-2.202263
1.388161
-2.616726
-0.624269
-0.984550
-2.560894
1.127937
1.850155
1.299545
1.318507
-1.314606
-1.228458
1.715042
0.233582
0.787640
-0.736702
-1.292503
1.612255
0.498135
-2.713074
1.321312
0.659649
0.380836
-0.664011
-2.636404
-1.052933
0.960075
-1.874878
-0.551937
-2.087250
-1.809952
0.681406
-1.444122
1.121799
-2.325184
0.900192
-1.507317
-2.010487
-0.528141
-2.913200
1.598656
0.503195
1.487801
-2.166740
-0.215527
-2.031445
-1.464098
-0.450645
-2.362099
0.522556
1.890594
1.590809
1.523777
0.224779
1.900795
0.981995
-2.479591
0.225212
1.607765
-1.809410
-2.750816
-0.706596
1.538496
0.498222
-0.298515
-2.237251
1.128431
1.470721
-1.922634
-1.842474
-1.526154
1.741593
-0.392904
-1.595997
1.578812
1.410679
0.636047
-1.400158
-1.054893
-0.921204
-0.737892
-0.030411
-2.205105
-0.460316
1.230232
0.597826
1.583031
0.280613
-0.187546
0.894279
-0.537494
-1.874169
-2.266010
1.816985
-2.334106
-2.306732
-1.138924
-0.525764
-0.354401
-2.672417
-1.268936
-1.155228
-1.971809
1.495319
0.534813
-0.922693
-2.905159
-2.830002
0.831787
1.006567
-1.239269
0.992344
-2.827347
-0.631302
-1.148399
-2.409782
1.066093
-2.778168
1.176247
0.625008
1.338418
-1.903997
1.362321
1.534883
-1.835564
-0.213226
-0.472878
1.073547
-0.670979
-2.342293
0.662875
1.854515
-0.260124
1.673088
1.105795
1.042763
0.569622
0.405046
-2.472191
-1.908775
-0.842125
1.858131
1.858410
-2.727478
-1.151833
-0.265747
0.853859
1.653284
-2.788216
-2.471510
1.632095
-0.027237
-0.464436
-1.306625
-0.070801
0.780853
0.508316
-2.094200
-1.316824
1.298327
-1.395332
1.894043
0.364113
-2.703720
0.882587
0.931008
1.148102
-0.742504
-0.841434
1.789608
0.210266
0.449921
0.275177
-2.451355
1.225544
-2.768555
-1.953201
1.452965
-2.001461
0.716602
1.455006
-1.009830
-2.119099
-1.206757
-1.986004
-0.759354
-2.129219
-2.344269
0.956652
0.880566
1.601830
-1.758430
-2.129000
-2.442390
-2.702155
0.569460
-1.097626
-0.951963
-2.427362
-0.043411
0.461945
0.756088
0.905401
-2.867441
0.079948
1.542553
0.474155
-1.165466
0.197231
0.330523
-1.195331
0.726562
-1.306118
1.925880
-0.575903
0.915291
-1.904182
-2.474251
0.281548
1.487160
0.295918
-2.314423
1.066086
1.870324
-1.777481
1.637390
-0.003300
1.067871
-1.931259
-2.468021
1.697357
1.052202
-2.737617
0.744209
-2.242332
-2.731453
-0.190166
-0.491600
-1.643616
0.666670
-0.728966
-2.911152
-2.644385
1.289257
-0.050095
-1.675346
-2.309703
1.886269
1.315041
1.150965
0.674784
1.095811
-1.176905
-1.473434
-0.038631
-2.600680
-1.470680
-2.317268
-2.149014
-0.089943
-1.026379
-1.281940
-1.336720
-2.190102
-1.683189
-2.727791
0.522057
-1.367615
-0.463852
-0.585274
0.980164
-0.557751
-1.631741
-0.102760
-2.581501
-0.514338
0.977856
-1.597706
1.935917
0.262409
-1.625946
-1.368744
1.892387
-1.375502
0.444099
0.338171
-2.343117
-2.327340
1.600128
-0.079395
-1.235222
-0.951462
1.619303
1.766411
-0.909622
-2.956619
0.519859
-1.041847
-1.142464
1.334755
1.222717
-1.010536
-2.797672
0.794800
-2.413063
-0.884098
-0.383812
1.326322
1.456367
1.813385
0.220245
-1.162403
-2.660294
0.895702
-1.016571
-2.906929
-0.657294
-0.203758
-2.920774
1.134760
-1.216366
-1.440590
0.268982
-1.406044
-1.213871
-0.401276
1.696487
-2.090122
-0.508049
1.228693
-0.092781
-0.476780
0.397026
-0.592606
-0.785194
-0.235886
0.768944
1.433369
1.952850
-1.201492
1.636566
1.702053
1.801125
0.165372
-0.124127
0.077637
-1.925926
1.146938
-2.650238
0.186523
1.299805
-0.193161
0.860840
-1.371708
1.221046
1.851715
-0.421021
-2.469440
1.730156
-2.534531
-1.534813
-1.550911
-2.430138
-0.122002
1.483965
0.800303
1.468285
-1.842087
0.058075
0.556126
-1.681046
1.578323
1.739815
0.523911
1.678277
-2.715919
-0.463764
-1.302283
0.787136
-1.078817
-0.719038
1.306675
-2.550812
-2.114075
0.408108
-0.747093
1.533260
1.181957
-1.254936
-0.327965
-1.962639
-1.465504
1.633659
-1.882019
-0.407478
-0.965591
1.802583
-2.470985
-1.866432
-1.564762
0.538492
1.231257
0.587002
-0.932351
-0.943207
-0.262144
-2.030418
1.445084
-1.183918
-1.325871
-2.059784
-0.986153
-2.932068
0.884758
-0.242293
-1.688354
-2.110536
0.654929
-0.732864
-0.880482
-0.184853
-1.268394
1.869989
-0.994991
1.806690
1.484680
-1.863289
1.746975
-2.268505
-2.417442
1.266884
-2.857826
-2.514915
-0.416931
-1.317780
-1.995193
-0.602135
-1.017227
0.839760
-1.665876
-0.689238
-1.964428
0.396179
-1.069687
1.455494
0.542056
-0.856426
0.932770
0.634840
-0.969940
-0.120789
-0.740891
-2.387680
-0.700226
0.154205
-2.243332
-0.353669
0.724457
0.694588
0.842034
0.082359
1.445305
-1.137390
-0.237244
-1.043275
1.685463
1.906620
-0.455017
-1.306602
1.888107
-1.003433
1.912140
-2.050953
-2.588935
-2.031937
0.490639
-1.110046
-1.365707
0.533903
1.312906
1.942764
1.231392
1.586998
1.316879
-0.032799
-2.902908
1.796631
-2.823183
-2.296469
-2.403603
1.854647
-1.548012
-2.944927
0.641574
0.263038
-1.322414
0.887424
0.749565
-1.564363
0.059793
-2.568740
0.553894
-1.345749
1.344716
-1.570435
1.036310
-2.045610
0.880342
1.750335
-0.283379
-1.192307
-1.000446
-1.206911
-2.640347
-1.777794
-1.077328
0.846771
-1.245964
1.319122
-1.199036
1.144562
-2.784826
-1.499206
0.214455
-2.217617
-2.642326
-2.605874
-1.325012
-1.477535
1.247139
0.400112
-2.122879
-1.299881
0.986961
-1.192791
0.745312
0.162121
0.914585
1.541546
-2.738213
1.559364
1.669605
-1.550209
0.172657
1.522301
0.812210
1.776321
-1.403542
-0.544801
1.215431
-1.383129
1.464823
-2.090324
1.706055
-1.144241
1.234657
-0.503323
0.061003
-1.710052
-0.352837
0.756856
1.691814
-2.348846
-0.130634
-2.720263
0.041035
-1.254780
-1.326385
-1.732956
-1.992481
-2.793564
-1.521945
-2.109119
1.636047
-0.436234
1.079010
-2.332142
-1.142975
1.532570
0.903904
0.836533
0.182377
0.044754
0.520275
-0.110668
1.140747
-1.469930
-0.399181
-1.088478
-2.232571
-1.012672
0.911118
1.034248
-2.389571
1.204247
-2.008278
1.242966
0.597252
-2.727158
0.983185
-0.871483
1.687880
-2.711788
0.081402
-1.244049
-2.323990
-1.315170
-1.038521
-1.309641
-0.934010
-1.095032
1.163545
0.635109
1.969608
-0.060875
-1.153755
-2.802574
-2.270599
1.768736
-1.419601
-2.874149
0.451347
-1.666359
1.844013
0.806572
1.433174
0.344719
-2.586830
-0.993614
-0.665844
1.856827
-0.170418
-1.764977
0.962387
-0.054523
-0.952076
0.370098
0.099816
1.034042
1.585981
-0.667486
1.481010
0.322021
-2.382710
-0.412945
0.994488
-2.824936
-0.934731
1.170080
-1.016159
-1.511211
-0.981430
1.164261
-1.430466
-0.675846
0.270218
0.831657
1.808754
-2.001175
-2.886130
0.323256
0.101288
0.153919
-2.691879
-2.667620
0.694522
0.663342
-1.008440
-2.213898
0.662577
1.889145
-2.047645
1.633980
-1.899139
0.467388
-2.047897
-1.584942
-1.443382
0.675480
-0.837280
-1.762146
1.383516
0.797020
1.728703
1.062378
1.581556
-1.498536
0.238430
0.102386
-1.072418
0.841545
-1.179337
-1.535751
-0.391571
0.283854
1.890484
-0.311287
-0.803707
-2.500643
-1.602013
0.603569
-1.129663
-0.766846
1.665543
0.289482
0.523300
-2.882202
1.863373
-1.114866
-0.747423
1.336487
1.955940
1.866814
-1.025330
-1.928211
0.453003
1.635778
0.741741
0.558071
0.700554
-1.683023
-2.364517
0.376765
-0.551918
-2.823784
-1.709267
-1.480487
0.016451
1.326355
-1.087757
1.184219
-0.860703
-0.749561
0.836815
-0.826043
-0.009458
-2.651634
-1.854507
0.954185
-0.720595
1.235542
-2.406465
-1.189537
-1.244957
-0.516880
1.259201
-0.967968
-0.104694
-1.391912
-0.083681
-0.212068
0.863396
0.186028
-2.554256
-2.454956
0.778992
1.521263
-0.334309
-0.900562
-0.638260
-2.792461
-2.468208
-1.662376
0.816010
-1.989101
-0.477280
-1.576625
-0.922421
-1.202675
1.083073
-1.221146
1.344428
-0.762238
-0.092957
-0.521374
-1.416325
1.063385
1.925888
0.300179
-2.188086
-2.732917
0.199978
-1.230621
-2.964153
0.544785
0.412775
-0.527191
-0.030060
0.513824
0.301060
-0.311024
-0.990929
-0.735043
1.603500
-0.339478
-0.392601
-2.097397
-1.565132
-2.157551
-2.826624
-0.780194
-0.490753
-0.141510
-1.771690
-1.082172
-0.750668
1.032104
0.116920
-1.178185
0.793663
-0.055550
1.708847
-0.001404
1.774704
1.510387
0.767985
-1.765121
0.386583
0.828075
-2.136536
-2.986744
0.272520
-1.520756
-1.292755
-2.548655
0.752419
-2.937889
-2.576088
-0.411911
-2.101265
-1.379814
-0.190100
-1.275086
-0.829422
-0.651424
-2.913823
-0.624594
0.396609
-2.733009
-2.238649
1.725044
1.093361
0.455605
-2.830891
-2.023024
0.528557
-2.484028
-1.946754
-1.896961
-1.195807
-1.346756
-2.454735
-0.942001
0.134945
-1.134277
0.671928
0.080334
-2.891525
1.062500
1.415432
0.054459
-1.853951
1.582321
1.387611
1.193176
0.387262
0.194727
1.094528
0.180513
-1.327209
1.651499
0.909424
0.658272
-1.991417
0.475723
-0.352043
0.311073
1.082680
-0.749519
-2.959896
-2.374649
-2.968151
-2.798027
-0.383823
0.484982
0.518658
1.776733
0.749344
1.606955
1.351746
-1.003716
-0.399323
-1.094214
1.879158
-0.685059
1.816655
-0.940144
0.254738
-1.708981
-0.826866
-2.031268
0.506104
-0.640663
-0.115921
-1.913734
-2.308357
0.384539
1.181099
-1.172592
-0.592186
0.103642
0.861633
-0.297993
-1.642418
-1.514217
1.274914
-2.472042
0.185143
-1.006699
-2.920403
-2.172844
-1.110518
-2.835679
0.948341
-0.448772
-0.259727
1.173264
0.422546
-1.264473
-1.853043
-2.868244
1.067474
1.717079
0.147896
1.248344
1.382626
-2.974342
0.774807
0.856339
-0.198776
-1.207359
-1.786464
-1.848915
1.717445
-0.152011
-1.646071
-2.966991
-0.297142
-1.486719
-0.693489
1.169373
0.499748
0.805038
-0.829792
-1.759136
-1.710594
-0.690399
1.726524
-0.380966
0.294300
-2.703217
1.045685
-0.509689
-2.798500
1.478386
1.683466
-1.941811
1.648842
0.710825
-1.161115
-1.853503
1.287428
-2.719622
0.793842
-2.742889
-0.564354
-2.581112
0.074753
-2.716381
1.785957
-1.151945
1.511650
-2.072203
-1.174377
0.706852
-0.907391
-2.011740
0.139557
1.233921
-1.430748
1.901653
-1.435518
-1.460072
0.129158
1.391282
1.940146
0.669716
-1.122082
-2.408287
-1.260033
-2.155903
1.670448
1.892952
-1.805777
0.579117
-2.635513
-0.626846
1.299379
0.497017
0.951431
0.328583
1.382652
-1.673206
-2.789055
-2.087029
-1.467743
-1.317230
1.214327
-2.188534
-1.922609
-1.191177
-2.252602
-0.005196
0.658726
-2.686771
-2.056528
-0.306398
-1.384891
-0.747303
-1.639442
-2.115060
-2.707567
-1.508720
0.173706
-1.666702
-2.293686
-2.523102
-1.360306
-2.848198
-1.286026
0.643703
1.269104
-2.036379
0.376997
-1.387817
1.856682
1.380737
-0.876265
0.841461
-1.799347
-0.036880
-1.106388
-2.045876
-2.523018
0.553734
-2.426350
-1.642548
0.215302
-2.201805
-1.950546
-1.342545
-1.248352
-0.807251
0.354228
-2.436609
-1.713020
-1.877411
1.064484
-2.034584
-1.989995
-0.263709
1.931915
0.149944
-1.184049
-2.748062
0.740105
1.745144
-1.481476
-0.874802
1.922771
-2.712588
0.176125
-2.317383
-0.849464
1.129945
-0.081416
0.950500
1.639725
-1.029737
-1.765045
-2.843271
1.873501
0.419586
-0.621395
1.229929
1.447144
-0.367966
0.614609
-1.817585
-0.378738
-0.147659
-0.797401
1.069353
-2.419556
1.189777
-2.499277
-0.586647
-0.576218
-0.278564
0.917366
-2.233673
1.726315
-0.708965
-0.421890
-2.548035
-0.399498
-2.427685
1.101696
0.528885
-0.324509
-2.468117
-0.304714
-1.332577
-1.492943
1.984520
-2.181419
-1.402321
-1.445164
-0.079208
1.160381
-2.887093
-0.999481
1.828400
1.672630
-1.119528
-0.016319
-0.460703
1.582596
-2.945463
-1.877213
-1.323917
-0.973133
0.910341
0.904716
1.516663
-2.283146
-0.767960
0.545593
-0.485836
1.393272
-1.006954
-2.634933
-2.265205
-2.114353
1.544037
1.580692
1.759079
1.306717
0.676636
-0.280357
1.180168
-2.350567
0.744560
-1.872414
1.836001
1.238823
-1.403025
-2.851926
1.625397
-0.042030
1.632247
0.834259
1.036041
-1.871593
-1.610062
1.962898
-1.632832
-1.789644
-2.462540
-2.346863
-0.576199
-0.537491
0.175415
-2.986515
-1.569962
-2.363838
1.061638
-2.397705
-0.240051
-0.006859
1.944874
0.888594
1.461948
0.254272
0.677929
0.567112
-0.743828
-2.282406
-2.205116
-0.932770
-1.219578
-2.366371
0.762474
-2.452545
1.845245
-1.159714
-1.285179
-2.793732
-2.717964
-1.037607
-0.307262
-2.200043
1.636177
-2.087852
-2.268322
-2.404602
-1.177464
-1.076515
-2.573202
1.645422
-1.051075
-2.839874
1.315981
0.647896
-0.435844
0.495033
0.330120
-0.515877
-0.019951
-1.298428
-2.194603
1.011406
0.180168
1.487877
-1.967529
-1.945412
-2.673347
0.888226
0.443878
1.083225
1.820419
-1.172569
-1.462503
0.087551
-1.749672
-0.191482
-2.121490
-0.970352
-1.652107
-1.546385
1.933029
-1.685158
1.415405
0.767817
-0.234666
-0.887707
1.762764
-0.703659
-1.763786
0.054846
-1.995726
-1.028671
-2.368776
-2.294693
-1.116791
1.548634
-0.177113
-2.346682
0.878777
-2.912781
-1.904861
1.131426
-1.597343
-0.721004
-0.339622
-2.975319
1.474045
-1.941658
-1.590525
-1.103828
-0.709629
1.063709
-2.556100
0.844093
-1.662624
-0.252373
1.039055
-2.304119
1.263178
1.551605
-1.607811
-2.735945
0.684933
-0.211880
-0.847221
-0.571167
1.613110
0.522003
-0.293893
-0.542217
1.384636
-0.280518
-1.975227
-1.278397
0.368700
1.216185
-0.068085
1.053185
-2.459778
1.242126
-2.336559
-0.617985
0.088623
-0.176956
-1.069593
-1.371712
-1.354408
-1.283989
1.033981
1.286327
-1.747353
-0.043028
-2.785662
-0.532936
0.728199
1.486019
1.904221
1.274780
-1.492111
1.445210
1.501175
1.975258
-1.045490
1.120664
0.110310
0.820812
-0.048012
1.206375
-1.150810
0.264677
-0.352341
1.139999
-2.500973
-1.996433
-0.534241
-2.519154
1.632704
-1.792141
1.978035
0.218910
-1.138073
-1.897969
1.415066
1.432746
-2.758389
-2.783628
-0.998856
-1.904888
1.115017
-1.840688
-0.390511
1.349319
0.341911
1.343681
0.629295
0.982098
1.367652
1.931313
-0.422226
-2.487217
0.192802
1.457886
-2.386921
-2.124176
-2.273009
-1.108461
-0.347825
-2.893532
-2.973057
-2.974477
1.971775
-2.074316
-2.472351
-0.012024
-2.026329
1.494125
-2.603355
1.418396
-0.404396
1.517456
0.534462
-0.423218
-0.308746
0.543093
-0.228017
1.857201
-1.770306
0.858261
1.292877
1.032513
-1.478893
-2.737530
1.448898
-1.111992
-1.444071
-2.269658
1.580875
-0.207935
-1.666443
-1.465706
-0.243147
-0.999664
1.403580
0.998348
0.965607
-0.864349
-2.244804
-2.444557
-0.825794
-2.768626
0.360922
-1.616493
1.925493
1.686751
1.763286
1.267488
0.332733
0.705820
-2.125408
1.962429
0.727785
1.833382
-2.780872
-2.985451
-1.603653
-1.164600
-2.761721
-0.136391
-0.114899
-2.719778
1.196236
-1.123909
-0.531189
0.130753
-1.542850
0.970778
1.455002
-1.265417
0.858387
-2.787079
0.219397
-0.172966
-2.076118
-0.077923
-1.642921
-1.146605
1.751326
-2.550018
-2.368645
1.498947
-1.960270
-1.714472
0.574074
0.263783
-2.920573
-0.184467
-1.812389
1.619816
0.953516
-2.566952
0.417953
-1.605989
-1.578903
-1.575565
-0.708763
0.571190
0.754799
-1.256514
0.387764
1.809250
-1.971653
1.025266
1.140324
0.774395
1.405545
0.035629
1.059159
-0.805832
-2.957558
0.455845
0.860350
0.597692
1.013266
-1.718235
1.563578
0.659363
-0.623604
1.606773
1.121140
-0.340872
1.927368
-2.021988
-2.057278
-1.300575
-2.893295
0.414192
-0.322908
-0.274046
1.623307
-0.566369
-1.026550
-1.128757
0.989090
-2.915157
1.836906
0.695179
-0.280800
0.963940
-2.835297
0.290249
1.169495
0.568369
-2.173714
1.294224
0.920142
-2.193512
0.063812
0.820110
-2.341582
-2.327965
1.885921
1.340620
-1.016413
0.152637
-1.659966
-0.937737
-2.527041
0.935203
-0.189270
0.804848
-1.002045
1.891354
1.025684
0.188293
1.968163
-0.326443
-2.515978
0.748695
0.333893
1.334282
-1.993634
0.848723
-0.553810
0.098457
-1.441931
1.666504
-0.400990
0.488060
-1.518730
-2.840836
1.944588
-1.439629
1.324631
-1.790292
-2.225744
-2.196640
0.509750
-1.336845
0.874199
0.678864
1.854462
0.725086
-1.439499
0.568817
1.803028
-0.903043
0.146706
-1.545624
-0.483343
-2.390743
0.300949
1.108604
-0.517265
0.423325
-1.974606
-0.963863
-2.713993
-1.085052
-1.948809
-0.566600
1.471474
-0.940613
1.693541
0.801781
-2.592560
1.561832
1.222618
-0.630651
-0.145607
-1.352386
-2.294849
-1.094694
-0.227814
-0.750000
-1.470078
-1.940206
0.455078
-0.665985
1.525871
-0.572363
-0.889656
-2.406100
-0.831024
-1.028580
-2.190271
-2.201951
0.547441
-2.364140
1.860176
-0.191060
-0.617123
-2.636791
-2.899437
-1.303635
0.730330
-1.994972
0.520981
-1.614731
-1.321434
0.061249
-0.504230
-2.531059
-0.197449
-1.601288
-0.183178
-1.478279
-1.160999
-2.682621
-0.857414
-1.548016
1.003082
-2.054909
1.164925
-2.356594
-0.841652
0.082123
1.922414
-2.792759
1.925537
-2.161928
1.453995
1.427979
-2.632132
-2.736477
1.862434
1.407436
-1.882067
-0.766869
-0.006176
0.126713
-1.559027
-1.626923
0.955246
-2.591648
-1.588238
0.141327
-2.317863
-1.698151
-2.270773
1.362770
0.442904
-0.237160
-0.680168
1.368137
-0.510654
-2.956009
1.203924
-0.879868
1.008770
-1.848164
-2.203491
-2.066277
0.895996
1.267319
1.659492
-0.953655
0.914505
-1.773308
-2.257721
-2.894051
-2.574066
1.134010
-1.956436
1.141644
1.666641
0.662254
0.907753
-2.808731
-0.091627
1.160805
1.555199
0.098366
-1.777214
-1.513781
0.246098
0.634409
0.512238
-0.798828
-0.081512
-1.605890
1.135920
-2.685829
-0.683537
-0.857117
-0.471283
-0.987568
1.174116
-0.998199
1.370174
-1.001602
1.350975
1.873566
-0.099640
-0.576401
-2.199196
-2.918732
